Date,Open,High,Low,Close,Volume
2015-09-07,730,739.95,670.1,676.5,44366
2015-09-08,677,710,654.95,698.3,30980
2015-09-09,717,730,705,719.1,20919
2015-09-10,705,737.45,685.1,726.95,19621
2015-09-11,734,749,720.05,726.3,17192
2015-09-14,730.75,754,730.05,735.3,10998
2015-09-15,738,742.55,715.6,717.8,7703
2015-09-16,734.95,735,705.55,715,7345
2015-09-18,729.05,749,723.2,742.3,13849
2015-09-21,734.95,754,731.25,741.1,8995
2015-09-22,759.95,776.75,745,755.1,25642
2015-09-23,750.05,777,730.05,752.65,16914
2015-09-24,768,777,750,752.45,6885
2015-09-28,741,770,741,748.9,7515
2015-09-29,726.05,749,726,738.85,7483
2015-09-30,789,789,725,755.9,7475
2015-10-01,758.05,768.35,743.55,754.6,7817
2015-10-05,757.05,785,755,768.05,25320
2015-10-06,770,773.95,711.7,728.8,30162
2015-10-07,754,783,738.5,757.7,33894
2015-10-08,758,764,741.05,752.45,9559
2015-10-09,767,784.9,755,778.5,27985
2015-10-12,780,828.5,771.2,811.4,104375
2015-10-13,815.7,824,787.1,791.85,26188
2015-10-14,791.85,808,773.5,788.9,12130
2015-10-15,798.95,810.2,774.6,779.35,16229
2015-10-16,786.4,793,761.2,781.75,13399
2015-10-19,782.05,799,773,798.25,44066
2015-10-20,802.1,824,790.15,819.9,66366
2015-10-21,820,834.9,801,806.2,143219
2015-10-23,816.75,819,785.05,793.9,15666
2015-10-26,810.95,815,772.1,777.9,13098
2015-10-27,787,788.9,768.1,776.8,10626
2015-10-28,793,799,768,772.8,28466
2015-10-29,779.85,792,775.1,776.1,10782
2015-10-30,783.25,787.1,750.6,757.2,7317
2015-11-02,761.4,790,741,754.2,11227
2015-11-03,763,789,762.95,784.85,33165
2015-11-04,784.95,795.6,765.05,767.8,10240
2015-11-05,775.4,779.9,746.5,765.4,19082
2015-11-06,775.05,778.8,755.05,759.55,10090
2015-11-09,778,817.65,755,799.95,26832
2015-11-10,808,808,767.85,771.15,7534
2015-11-11,771,790,763.8,782.9,2065
2015-11-13,775.05,779.6,755,765.7,8789
2015-11-16,780,780,742.6,760.25,11089
2015-11-17,758.55,779.9,742.15,745.55,26112
2015-11-18,758.7,766,742,753.1,22998
2015-11-19,760.1,777,753.25,767.4,32803
2015-11-20,778.5,814,758,797,28746
2015-11-23,806,818,783,791.9,68717
2015-11-24,773,810.9,773,798.55,64459
2015-11-26,799.8,802,776.2,789.3,5120
2015-11-27,789.95,799,770,773.5,5371
2015-11-30,778.5,786.95,775.05,781.4,5325
2015-12-01,799.95,799.95,776,782,5073
2015-12-02,780.05,795,780,788.55,42754
2015-12-03,792.9,849,760.1,825.55,32769
2015-12-04,823.7,823.8,792.1,795.65,12823
2015-12-07,798.35,809,772.1,778.25,68139
2015-12-08,778,794.4,759.9,766.6,9296
2015-12-09,766,775.95,750,769.5,9027
2015-12-10,770.75,798.85,755.6,792.8,8956
2015-12-11,800,800,761.7,768.55,7674
2015-12-16,767.95,785,760,762.85,4411
2015-12-17,773.95,787.9,768,785.2,87148
2015-12-18,790.6,797,781.1,784.95,3720
2015-12-21,771,789.95,771,774.05,7366
2015-12-22,784,788,762.15,764.7,3804
2015-12-23,779,779,759,764.5,8854
2015-12-24,770,789,765.95,782.2,86780
2015-12-28,783.95,799.9,783.95,792.35,6392
2015-12-29,800,832.4,790,818.65,27746
2015-12-30,817.95,825,785.6,793.7,22879
2015-12-31,804.95,810,775.55,795.05,14240
2016-01-01,799.75,815,795.1,808.25,12637
2016-01-04,804.9,810,785.5,789,8705
2016-01-05,782.2,800,771,777.15,12834
2016-01-06,765,781.55,765,772.85,5907
2016-01-07,742.15,770,728.95,735.2,16907
2016-01-08,761,761,740,743.9,8547
2016-01-11,745.05,745.55,712.2,735.8,5443
2016-01-12,742,756.95,726.1,730.05,8650
2016-01-13,735.05,741.95,670.05,689.25,12927
2016-01-14,656.15,710,656.1,691.05,50287
2016-01-15,694.05,705.7,650.5,661.45,7885
2016-01-18,689,689,602.5,608.9,9337
2016-01-19,634,634,595.5,603.6,30652
2016-01-20,603,603,572.9,581.05,11818
2016-01-21,609.95,609.95,575.5,590.65,127568
2016-01-22,608.9,608.9,578.1,600.3,105635
2016-01-25,622,625,588.05,600.75,10300
2016-01-27,617,623.7,590.05,602.6,36450
2016-01-28,601.05,611.45,601.05,603,5866
2016-01-29,601.05,617.45,601.05,612.7,12071
2016-02-01,620,645.85,615.05,642.7,27048
2016-02-02,640,659,621,624.65,9594
2016-02-03,620,620,603,606.8,4750
2016-02-04,625,635,585.2,593.75,18853
2016-02-05,590,615,585.1,610.2,4079
2016-02-08,619,629,600.05,622.15,7041
2016-02-09,621.95,640,595,619.4,17460
2016-02-10,629,651,615.15,638.7,20255
2016-02-11,637.55,641,581.7,611.6,32356
2016-02-12,610.05,700,593.05,658.9,35301
2016-02-15,680,749,666.6,711.65,46495
2016-02-16,720,733.85,700.25,706.6,18004
2016-02-17,690.05,736.15,653,720.05,30001
2016-02-18,729.55,750.5,725.2,739.6,20751
2016-02-19,738.75,738.75,681.7,687.55,55611
2016-02-22,690,708,686.3,693.1,10765
2016-02-23,698.95,699,667.4,672.6,7284
2016-02-24,667.25,669.2,654,659.1,8380
2016-02-25,653.85,668.15,645,653.1,8737
2016-02-26,663.6,674.9,650,652.5,4882
2016-02-29,650,660,624.9,649.4,8203
2016-03-01,652.45,683.8,641.3,671.7,10449
2016-03-02,661.7,707,661.7,693.1,7805
2016-03-03,709,709,678,690.1,4270
2016-03-04,686.25,710,680.05,693.2,4662
2016-03-08,715,715,670,678.5,16469
2016-03-09,697.7,697.7,671,677.95,6769
2016-03-10,680.05,684.9,659,674.3,12880
2016-03-11,665.05,683.05,665.05,673.05,9182
2016-03-14,675.05,690,674,685.05,8898
2016-03-15,677.75,698.7,662.4,687.6,11146
2016-03-16,685.05,699.75,678,695.65,19344
2016-03-17,705,715,690.1,694.25,10605
2016-03-18,710,739.5,685,726.55,11977
2016-03-21,705.5,739.5,695.7,709.05,14529
2016-03-22,716.1,716.1,698,701.4,7212
2016-03-23,698.55,714,697,705.35,5733
2016-03-28,723.95,723.95,681.7,689.35,4865
2016-03-29,684.75,694.65,676.05,680.55,5741
2016-03-30,686.15,726,685.55,723,9970
2016-03-31,711.05,738.9,706,708.5,21780
2016-04-01,723.05,723.05,702,713.95,5298
2016-04-04,705.05,731.4,705,717.65,9266
2016-04-05,716.5,728,710,718.95,7134
2016-04-06,715,753,715,744.6,6278
2016-04-07,747,757.7,731.5,746.8,8260
2016-04-08,745.95,769.7,738.8,762.7,11991
2016-04-11,769,783.7,754.05,764.55,4857
2016-04-12,756.15,790.65,756.15,772.85,20586
2016-04-13,783,790,756,759.55,8971
2016-04-18,779.25,779.25,742.8,764.6,5779
2016-04-20,765,779,756.9,774.35,6943
2016-04-21,775,783,765.15,769.75,3546
2016-04-22,759.3,804,758,796.9,14206
2016-04-25,782,798,775,780.7,2208
2016-04-26,779.95,784.25,774.95,780.95,2187
2016-04-27,780,780,766.5,772.15,4022
2016-04-28,777.95,779,748,752.8,4629
2016-04-29,750.5,771.05,740,746,4031
2016-05-02,734,805,725.3,800.5,29836
2016-05-03,786,814.2,766.05,771.85,51320
2016-05-04,775.1,782.9,758,763.45,4282
2016-05-05,761.35,769,740,743.3,6581
2016-05-06,735,761.9,725,731.65,6570
2016-05-09,764,764,732,734.55,44825
2016-05-10,728.15,748,727,734.45,2434
2016-05-11,725,770,725,766.8,16110
2016-05-12,773.8,782,759.9,771.8,10980
2016-05-13,777.25,782,751.5,758,2557
2016-05-16,751,774.95,751,754.15,1984
2016-05-17,751.1,774.4,751.05,758.4,2331
2016-05-18,755.05,773,755,758.15,2205
2016-05-19,760,785,755.4,759.85,4506
2016-05-20,774.8,776,710.1,717.1,25681
2016-05-23,733,740,709.05,715.35,11132
2016-05-24,720,724.9,705,710.5,5184
2016-05-25,708,719,692,702.15,30766
2016-05-26,710,713,701,706.6,7741
2016-05-27,708,720,702.15,712.8,3800
2016-05-30,738,738,691.7,719.45,5807
2016-05-31,718,732,702.6,715.1,61102
2016-06-01,723.85,729.9,684.4,698.25,15016
2016-06-02,695,702,680,689.6,47599
2016-06-03,680,717,680,709.25,13334
2016-06-06,714.95,715,695,701.65,6194
2016-06-07,697,707,695.1,700.95,5581
2016-06-08,696.2,709.95,696,703.2,3554
2016-06-09,704.3,707,693.55,700.5,6383
2016-06-10,695.05,703,690,695,4775
2016-06-13,688,703.7,683,694.9,2199
2016-06-14,700,716.8,695,701.1,13825
2016-06-15,700,714,696.1,701.95,7727
2016-06-16,698,703,696,700.95,10818
2016-06-17,700,710,694,701.25,4158
2016-06-20,688.7,712.4,688.7,704.85,7581
2016-06-21,705,705,697.15,700.6,4906
2016-06-22,699,713,697,710,29267
2016-06-23,710,718,705.95,711.6,12986
2016-06-24,707,707,654,692.7,5345
2016-06-27,709.6,709.65,681.7,689.25,5377
2016-06-28,700,709.9,689.55,698.55,15571
2016-06-29,700,705,690,691.15,5040
2016-06-30,692.7,705,690.05,692.5,2991
2016-07-01,688,705,688,696.25,3870
2016-07-04,702,702,691.3,696.6,3048
2016-07-05,699.5,699.5,690,690.45,2610
2016-07-07,712,712,688.2,690.9,3101
2016-07-08,699.65,699.95,690.2,690.5,7517
2016-07-11,700,711,690.1,691.35,7524
2016-07-12,703.75,703.75,690.2,695.5,6862
2016-07-13,701.95,701.95,691,694.55,3688
2016-07-14,694,699,688.1,691.35,3373
2016-07-15,699.45,699.45,682.2,688.15,2179
2016-07-18,690,692,674,678.45,4038
2016-07-19,681,681,663,667.9,3108
2016-07-20,676.95,676.95,660.1,663.9,5723
2016-07-21,671.7,675,661.1,665.5,4973
2016-07-22,655.7,671.7,646,651.55,3871
2016-07-25,655.05,658,626.2,630.95,8442
2016-07-26,644,645,616,638.9,10491
2016-07-27,640.05,645,632,636.35,3312
2016-07-28,640,650,635,645.4,3278
2016-07-29,645.15,668,638,653.85,7068
2016-08-01,668,668,652,662.8,5142
2016-08-02,663,675,645.5,651,6010
2016-08-03,659.55,663.95,645.5,654.65,6667
2016-08-04,630,630,544,549.15,136111
2016-08-05,550.6,580,550,561.55,44598
2016-08-08,575,578,560.1,562.1,10808
2016-08-09,573.7,573.75,545.05,549.25,10774
2016-08-10,560.95,561,533,534.65,10051
2016-08-11,543,543,518,520.35,14581
2016-08-12,520,539.7,495,525.45,56051
2016-08-16,525.5,534.95,520,527.5,6368
2016-08-17,529.8,539,525,527.45,5393
2016-08-18,527.55,532.75,519,524.55,5157
2016-08-19,523.1,539.95,518.1,521.55,7444
2016-08-22,521,524.95,490.7,498.2,17193
2016-08-23,509,510,493.6,504.75,5893
2016-08-24,509.8,519.7,502.3,513.95,4822
2016-08-25,530,564,517,520.7,109018
2016-08-26,526,529.7,508.75,512.95,11376
2016-08-29,512,520,505.1,513.45,17449
2016-08-30,515,520,509,510.15,13662
2016-08-31,501.25,518.95,501.25,510.3,6829
2016-09-01,514.9,514.9,496,499.3,7507
2016-09-02,505.4,505.4,480,484.2,9308
2016-09-06,497.85,532.8,481.7,501.1,111818
2016-09-07,504.85,507.4,488.05,494.65,62828
2016-09-08,488,499,477.5,486.45,30353
2016-09-09,493,493,481,484.7,20770
2016-09-12,481.1,481.1,464,467.3,12291
2016-09-14,465,475,465,466.9,11835
2016-09-15,466.05,474.95,466,470.1,10912
2016-09-16,473.9,487.85,463.7,473.5,12936
2016-09-19,473.5,475,467,468.95,35785
2016-09-20,470,470,460.1,467.6,9856
2016-09-21,469.4,475,465,470.7,11036
2016-09-22,474.8,475,465.6,468.95,44773
2016-09-23,465.05,478.8,465.05,470.35,11704
2016-09-26,466.1,475,457.25,466.15,31763
2016-09-27,473.7,479,465,468.25,11455
2016-09-28,472.75,474.3,460,463.55,17809
2016-09-29,464.4,472,458.3,463.35,10752
2016-09-30,463,469.9,435.5,460.85,14455
2016-10-03,464.8,475,442.4,468.95,41406
2016-10-04,474.95,474.95,458.2,460.4,23670
2016-10-05,462,470.5,459,461.05,15434
2016-10-06,459.3,468,459,460.25,16121
2016-10-07,468,468,456.2,459.9,12350
2016-10-10,474,474,459.05,461,15998
2016-10-13,458.1,468,458.1,460.55,6495
2016-10-14,465.85,494,455.05,474.1,28561
2016-10-17,480,488.85,460.5,463.45,10487
2016-10-18,466.9,467,456.3,464.15,8114
2016-10-19,470,507,460,486.3,46590
2016-10-20,489.6,493.3,475,477.95,11303
2016-10-21,470.1,482,466,475.7,7131
2016-10-24,487.5,487.5,469.55,471.65,4356
2016-10-25,478,478,466.5,468.25,32940
2016-10-26,473.2,495.45,460.2,464,57677
2016-10-27,464.2,472,460.25,462.4,7627
2016-10-28,468.3,468.7,462.15,462.85,2985
2016-10-30,475.65,483.5,464.05,476.95,3976
2016-11-01,465.05,483.95,465.05,469.85,6323
2016-11-02,472.45,472.5,461,464.9,5768
2016-11-03,460.55,467.9,451,451.95,5295
2016-11-04,450,455,440.15,442.05,6092
2016-11-07,443.05,456,440.25,442.95,6903
2016-11-08,450,450,440.45,443.95,2385
2016-11-09,435,444.8,391.55,436.9,15022
2016-11-10,487,487,420,425.7,109264
2016-11-11,417.5,428.8,405,408.45,35730
2016-11-15,408,408,381,382.75,31250
2016-11-16,389,398,362.7,369.3,13159
2016-11-17,370,375.85,360.05,362.1,9196
2016-11-18,364,387,357,362.5,22049
2016-11-21,370,379,336.5,346.35,15095
2016-11-22,342.2,353,330,331.75,14717
2016-11-23,332.3,338.25,313.5,319.05,74343
2016-11-24,320,334.7,310.3,318.85,31914
2016-11-25,322,327.2,313.1,314.8,53169
2016-11-28,315,347.9,310.05,319.6,232270
2016-11-29,324.95,326.95,304.1,306.5,142703
2016-11-30,312.85,318.7,308.55,313.2,110815
2016-12-01,315,342.5,314,333.45,285137
2016-12-02,334.9,340.8,323,325.85,60573
2016-12-05,329.2,333.7,323.05,324.2,23989
2016-12-06,326.9,332.65,323.5,327,36949
2016-12-07,323,329.5,317.5,318.8,27312
2016-12-08,320,324.7,312,316.25,100019
2016-12-09,316.3,321,311,311.95,61126
2016-12-12,312,319.05,299,300.95,84581
2016-12-13,299.95,305.35,293.7,298.15,43701
2016-12-14,299.9,301,287.25,289.95,139270
2016-12-15,285.05,319,285,301.35,715226
2016-12-16,304,351,303,344.1,1823430
2016-12-19,344.2,362,335.35,346.4,962285
2016-12-20,347.85,374.4,342.15,365.6,1195254
2016-12-21,366,376.5,358.1,361.45,463300
2016-12-22,360.8,361,340.2,344,186221
2016-12-23,341,353,337,339.25,159756
2016-12-26,338,338,317,319.65,166030
2016-12-27,320,341.75,319.25,332.45,198360
2016-12-28,332,343.5,330.75,333.35,127536
2016-12-29,336,343.6,333,335.1,78895
2016-12-30,335.1,342.5,332,333.45,72623
2017-01-02,334.1,354.8,331,349.4,224946
2017-01-03,349.6,353.3,345,348.5,82659
2017-01-04,346,386.7,346,380.25,1133558
2017-01-05,384.1,396.45,380.6,385.35,486100
2017-01-06,388.7,388.7,368.95,372.55,126507
2017-01-09,374.6,396.75,372,385.85,277882
2017-01-10,389,397.2,385.05,391.2,275380
2017-01-11,394.5,394.8,380,382.85,95535
2017-01-12,385,392,380,380.75,103264
2017-01-13,388,388,375.1,376.95,60955
2017-01-16,376,383,365.15,375.7,125454
2017-01-17,378.25,384.9,376,378.4,70977
2017-01-18,380.6,386.3,375,378.25,81348
2017-01-19,375.25,384.15,375.1,376.35,56586
2017-01-20,377.25,377.25,361.6,366.85,47633
2017-01-23,365.45,379,361.6,373.15,118867
2017-01-24,376.25,406.65,376.25,394.55,532625
2017-01-25,394.95,404.3,393.95,396.35,115145
2017-01-27,396,399.05,386,387.45,56529
2017-01-30,388,388,374.8,375.75,49795
2017-01-31,377.5,380.9,368,369.35,52654
2017-02-01,371.5,378.5,363.05,374,40628
2017-02-02,377,381.2,373,374.95,34188
2017-02-03,375.9,386.75,375.9,378.75,50851
2017-02-06,380.45,391.9,380.45,384.15,56825
2017-02-07,381,398,381,387.05,115619
2017-02-08,377.8,377.8,358.15,360.3,220744
2017-02-09,365,369.45,356,357.8,74274
2017-02-10,359.85,364,356,358.25,41728
2017-02-13,359.5,360.95,347.55,351.3,47478
2017-02-14,349.5,358.4,346.35,349.2,31278
2017-02-15,349.1,352.95,335,336.85,35327
2017-02-16,341.95,348,335.2,343.05,29743
2017-02-17,343.85,347.45,340.1,342.3,27314
2017-02-20,344.55,350.1,340.15,343.7,26538
2017-02-21,341,369,341,358.35,163409
2017-02-22,361.5,374.9,355.55,362.45,199112
2017-02-23,365.7,380.9,363.95,374.2,171465
2017-02-27,375.85,385,370.05,377.1,67959
2017-02-28,379.75,382.9,375.05,376.35,36751
2017-03-01,378,381.9,377.45,379.05,45659
2017-03-02,381.55,381.55,362,364.15,38526
2017-03-03,364.7,368.85,358.55,362.65,29410
2017-03-06,361,369,360,361.1,18714
2017-03-07,362.6,366.9,357,358.7,19108
2017-03-08,360,362.65,349.4,350.6,22813
2017-03-09,351,354.85,346.1,349.85,22752
2017-03-10,345,358.4,345,349.65,13486
2017-03-14,354.5,370,352.45,355.95,67681
2017-03-15,358.35,359.75,349,350.75,43301
2017-03-16,353.9,357.5,352.5,354.3,16570
2017-03-17,357,357,351,351.75,20771
2017-03-20,353.2,359.8,347.25,350.55,37749
2017-03-21,353,359.7,348,350.85,46372
2017-03-22,347.85,354.4,343.2,344.8,32829
2017-03-23,346.1,353.8,346.1,348.6,26178
2017-03-24,349.3,361.7,349.3,358.7,78315
2017-03-27,359.95,360,350,351.75,31281
2017-03-28,350.15,354.95,350,351.15,23154
2017-03-29,353.95,383,350,372.6,224570
2017-03-30,371.5,395,371.5,391.6,357682
2017-03-31,390,401.4,380.05,384.3,120840
2017-04-03,387.3,395,384.7,391.2,46550
2017-04-05,391.25,421.9,377.05,413.5,347640
2017-04-06,415,417.35,402,404.6,66459
2017-04-07,400,420,400,404.1,81889
2017-04-10,408.05,416.2,398,401.6,30728
2017-04-11,401.6,408.2,397,398.35,34142
2017-04-12,402.6,402.6,385,387.05,43725
2017-04-13,392,400.75,385.25,387.65,26638
2017-04-17,395,417,394.35,408.35,154826
2017-04-18,411.75,423.9,396.15,402.6,175028
2017-04-19,400,407.6,396,399,48021
2017-04-20,402.95,413.6,400,409.65,38239
2017-04-21,411.55,421.35,406,411.55,61314
2017-04-24,412.95,414.8,399.2,402.15,34148
2017-04-25,405.8,407.8,400,401.05,22996
2017-04-26,404.85,423.9,403,410.55,198009
2017-04-27,410,415,405.65,409.05,34323
2017-04-28,408,415,402.9,404.95,38924
2017-05-02,405.05,408.35,399.3,400.8,23571
2017-05-03,403.95,404.9,394,395.45,20497
2017-05-04,398.4,403,390.6,392.25,22475
2017-05-05,393.05,400.35,386,387.7,25834
2017-05-08,387.95,395.4,387.1,387.65,25299
2017-05-09,393,393,387,387.3,14086
2017-05-10,387.85,390.8,383.2,385.1,18151
2017-05-11,383.5,403.55,380.6,384.8,83012
2017-05-12,384.5,389,378.1,380,26941
2017-05-15,379.95,383.85,365.3,369.25,38216
2017-05-16,369.05,372.35,355,357.25,41864
2017-05-17,363.55,372.45,359,365.65,46086
2017-05-18,366.95,368.85,348,352.8,30857
2017-05-19,354.95,362.4,348,348.55,29837
2017-05-22,350.45,355,346,346.9,27005
2017-05-23,348.6,349.45,339.25,341.2,30292
2017-05-24,339.1,343.35,328.5,330.75,25270
2017-05-25,328.55,335.9,328,329.6,16340
2017-05-26,333.65,339.9,331.3,336.35,37139
2017-05-29,330,336.95,323.55,325.1,25228
2017-05-30,323.45,328.4,322.45,324.55,16248
2017-05-31,320.05,360.95,320.05,338.65,149770
2017-06-01,340,353.15,339,345.85,51209
2017-06-02,347,347,315.05,326.7,207762
2017-06-05,330,341.05,325.15,329.6,71592
2017-06-06,332.65,333.95,322.95,325.4,29888
2017-06-07,327.5,334.8,324.05,328,30663
2017-06-08,329.9,333,324.2,327.6,43227
2017-06-09,326.05,328.95,318.5,320.45,45244
2017-06-12,322,323.6,316.3,317.85,29734
2017-06-13,319,324.9,315.1,316.7,27612
2017-06-14,316.7,320,313.1,314.15,21225
2017-06-15,316.9,333,312.05,328.9,117464
2017-06-16,326.15,334.4,323.05,324.2,34306
2017-06-19,327,327,322,322.7,21287
2017-06-20,326.5,337.5,322.3,332.25,73087
2017-06-21,334.95,340.7,333.9,335.75,77684
2017-06-22,335.75,339.5,333,334.9,27978
2017-06-23,335,336.1,327.15,332.05,26425
2017-06-27,332,334.2,325.5,327.65,17448
2017-06-28,323.5,337.5,322,329.35,19007
2017-06-29,331.25,336.45,327.2,330.85,8881
2017-06-30,330.9,333.8,326,327.5,10222
2017-07-03,328.6,334,327.95,328.15,13411
2017-07-04,329,331.4,323.6,327.25,23886
2017-07-05,330,350,327.5,342.2,122975
2017-07-06,345.45,345.45,335.05,336,19744
2017-07-07,336,345.85,336,339.55,20406
2017-07-10,342,345,330.1,337.35,5810
2017-07-11,341.95,345.4,338,339.75,17885
2017-07-12,337.05,342.95,335.5,336.1,13784
2017-07-13,336.5,351.35,334.55,345.75,92233
2017-07-14,350.6,389.7,346.3,376.25,567710
2017-07-17,378,404.8,378,400.3,463342
2017-07-18,399.9,400,380.8,384.25,83220
2017-07-19,386,414.8,386,399.15,352182
2017-07-20,402,410.9,392.05,403.45,237912
2017-07-21,406.8,415.8,398.35,403.3,108281
2017-07-24,406.15,406.95,398,400.95,43043
2017-07-25,402,434.95,401.3,424.65,511726
2017-07-26,426.25,456,425.05,442.85,461690
2017-07-27,446.45,450.55,427.65,432.05,116391
2017-07-28,429.9,451,423.55,438,165089
2017-07-31,441.1,441.1,427,431.85,65865
2017-08-01,435.3,435.3,426.5,428.7,41937
2017-08-02,429,441.95,429,434.75,91308
2017-08-03,439.5,441.6,394.15,401.85,150971
2017-08-04,404.95,404.95,378.7,382.1,238217
2017-08-07,390,397.35,381,386.25,69679
2017-08-08,389.85,395.1,375.7,380.7,44817
2017-08-09,375.1,384.55,368.15,370.7,36058
2017-08-10,369.7,375,346.7,352.55,68719
2017-08-11,355.7,355.7,325,345.1,39240
2017-08-14,350.75,365.9,350.75,360.9,30915
2017-08-16,364.5,365,355,358.2,26575
2017-08-17,359.75,363.65,338.95,343.45,114558
2017-08-18,343.9,349,341.25,345.85,35862
2017-08-21,354,354,340.6,342.25,31511
2017-08-22,340.5,368,340.5,363.8,212643
2017-08-23,369.95,371.3,356,357.95,57097
2017-08-24,361.5,361.5,346,347.65,37141
2017-08-28,351,358.8,349.1,353.6,27689
2017-08-29,351.95,365.9,348.65,353.35,87149
2017-08-30,359.25,387.05,355.2,380.95,106307
2017-08-31,384,391.6,382.8,386.7,50259
2017-09-01,390,395.75,384,387.25,46272
2017-09-04,386.95,398.3,385.4,388.65,48198
2017-09-05,390,397.9,342,386.35,68814
2017-09-06,395,395,384,389.5,26152
2017-09-07,388,393.5,381,383.4,24675
2017-09-08,384.5,393,383,384.05,23133
2017-09-11,381.05,411,375.75,408.1,133012
2017-09-12,412,412,400.05,403.35,51137
2017-09-13,406,411.85,401.1,403.7,39971
2017-09-14,405,409,398.65,401.45,12806
2017-09-15,393.6,405.95,385.4,402.65,29798
2017-09-18,408.8,408.8,397.2,402.35,37390
2017-09-19,400.05,419.45,399.85,405.4,57463
2017-09-20,403.2,417,403,410.65,43654
2017-09-21,411.5,419.9,408.65,414.2,70142
2017-09-22,409.1,417.7,404,405.6,52239
2017-09-25,405.6,405.6,375,384.65,21343
2017-09-26,386,394.75,380.15,385.55,26985
2017-09-27,389.9,399.7,363,367.15,29717
2017-09-28,369.9,380,364.15,372.45,30373
2017-09-29,372.45,389.9,372.45,382.4,31050
2017-10-03,382.4,386.1,373,375.05,15302
2017-10-04,375.05,378.45,368.05,372.8,16397
2017-10-05,372,378.65,368.9,371.2,28239
2017-10-06,376.9,398,374.75,389.8,41043
2017-10-09,389.8,393.55,380.1,382.1,114617
2017-10-10,385.9,388.8,377.25,379.45,15697
2017-10-11,384,384.1,364,369.3,22745
2017-10-12,367,375,365,366.8,33441
2017-10-13,366.8,370.5,357.8,363.15,30606
2017-10-16,364,372.7,358,362.45,48814
2017-10-17,363,371.5,362.55,366.8,15608
2017-10-18,368.2,377,364.05,371.35,16753
2017-10-19,378.65,380,372.15,376.6,11206
2017-10-23,370.05,390,368.2,373.95,21539
2017-10-24,378.95,428,372.9,411.2,824259
2017-10-25,415.95,417.9,391,398.15,77155
2017-10-26,395,411,391.05,403.5,49383
2017-10-27,406.75,418,392,402.75,54621
2017-10-30,402.75,417.1,397,410.2,29451
2017-10-31,403.55,425.9,403.5,419.75,86050
2017-11-01,425.05,465.55,419.15,454.7,566941
2017-11-02,460.9,470,421.4,435.4,216425
2017-11-03,435,443,425.1,430.75,64033
2017-11-06,430.6,444.95,429.95,434.95,37915
2017-11-07,439.1,454.4,436.95,442.55,125303
2017-11-08,442.55,455,436,441.15,46828
2017-11-09,446.05,448.35,428.3,432.25,19667
2017-11-10,434.2,434.2,421.45,423,15931
2017-11-13,424.05,431.05,397.4,400.15,55939
2017-11-14,401,419,401,406.75,33051
2017-11-15,406.8,406.8,392.4,393.85,14617
2017-11-16,397.85,407,397.8,403.9,19579
2017-11-17,407.05,413.95,398,400.6,16839
2017-11-20,402.55,427,402.5,410.9,35326
2017-11-21,410.95,420,408.8,411.3,18994
2017-11-22,412.85,426,412,417.4,53751
2017-11-23,430.85,434.9,421.65,427.25,45546
2017-11-24,427.55,430.75,410,412.35,41404
2017-11-27,412,436.75,412,424.05,103580
2017-11-28,427.9,434.7,421,423.3,25126
2017-11-29,425.2,457.35,425.1,442.15,129800
2017-11-30,442.15,444,431.1,433.05,36821
2017-12-01,439.05,464.95,437.4,451.55,138490
2017-12-04,459.95,502,453,483.4,567609
2017-12-05,486.7,488.7,465.7,468.55,134993
2017-12-06,469.3,495.5,467.4,476.45,199576
2017-12-07,479.8,489.35,472.3,474.1,61556
2017-12-08,478.3,483.95,467.1,471,47671
2017-12-11,475.15,501.3,475.15,493.95,132650
2017-12-12,498.9,530.9,495.2,513.25,620478
2017-12-13,516.35,523,487.55,493.7,148534
2017-12-14,495,502.35,481.8,489.2,41645
2017-12-15,492.7,499.95,487,489.6,23705
2017-12-18,485,499.8,415,487.75,42239
2017-12-19,492,511.7,492,503.85,86410
2017-12-20,505,520.95,500.95,511,105715
2017-12-21,515.15,521.6,503.55,505.95,56471
2017-12-22,509,543,503,531.1,181061
2017-12-26,535.5,543.7,530,533.7,58854
2017-12-27,537.35,538,522,525.25,36162
2017-12-28,526,538.9,526,527.15,52013
2017-12-29,534,535,522,526.7,31891
2018-01-01,531,531.85,521.95,525.85,31225
2018-01-02,523,571.8,514.9,559.85,536417
2018-01-03,565,569.9,555,562.35,85591
2018-01-04,560.9,566.95,553.3,558.35,34779
2018-01-05,565.9,566,536.1,541,91046
2018-01-08,549.85,549.85,540.05,543.6,50625
2018-01-09,548,554.35,525,537.9,67601
2018-01-10,537.9,554,533.6,549.85,56288
2018-01-11,552,572.4,543.2,549.8,196187
2018-01-12,555,560,545,548.45,35527
2018-01-15,549.95,556,543.05,552.4,28814
2018-01-16,553.95,557.1,532.05,537.15,51975
2018-01-17,541.85,544.45,525,538.15,24692
2018-01-18,533.25,548.95,512.1,517.3,37444
2018-01-19,520,522.2,502.55,511.05,22144
2018-01-22,502,524,502,510.35,27069
2018-01-23,514,516.95,491.1,499.4,31375
2018-01-24,497,550.8,496.6,529.9,178704
2018-01-25,529,537.75,502,507.95,70506
2018-01-29,505,529,495,501.95,44748
2018-01-30,504.25,516,501,503,22591
2018-01-31,505,509.5,491,498.4,20035
2018-02-01,500.6,500.6,480,484.4,21767
2018-02-02,482.05,493.4,450,478.8,37871
2018-02-05,465.05,468.7,444,461.5,28028
2018-02-06,449.85,456.45,435.5,446.95,20164
2018-02-07,450,469.95,450,459.15,25099
2018-02-08,455,478.65,445,460.8,49153
2018-02-09,450,465,442.05,458.2,20910
2018-02-12,455.1,471.1,450,452.8,29428
2018-02-14,458.85,473.55,450.05,454,46129
2018-02-15,458.95,480,455,470.2,78766
2018-02-16,474.9,483,453.1,459.65,60288
2018-02-19,464,465.3,444.55,448.55,20311
2018-02-20,452.15,456,440.05,443.45,16872
2018-02-21,446,450,432.85,437.75,13971
2018-02-22,436.95,449.55,434.05,447.4,28229
2018-02-23,441.2,460.7,441.2,456.1,25226
2018-02-26,462.95,465.9,455.3,460.8,14824
2018-02-27,464.85,465,456.05,460.95,7897
2018-02-28,450.55,463.9,450.55,460.2,11614
2018-03-01,464.45,464.45,445.05,447.1,11183
2018-03-05,442.05,454.8,439.15,452.4,13136
2018-03-06,459,461,440.7,446.2,13293
2018-03-07,440,444.45,424,426.2,21029
2018-03-08,431,438,420,425.65,14655
2018-03-09,426.05,429.5,420,421.45,17755
2018-03-12,422.8,433.05,411.7,423.95,25344
2018-03-13,425,428,413.65,417.2,23028
2018-03-14,417.2,424.6,412.85,421.85,7154
2018-03-15,420.2,434,418.8,420.75,32551
2018-03-16,422,430,410.25,415,25379
2018-03-19,417.9,420,393,394.2,30382
2018-03-20,385,397.15,377.95,391.1,34061
2018-03-21,397.95,407.95,386.5,388.8,25473
2018-03-22,390.05,393.9,377.4,380.75,30516
2018-03-23,377.7,377.7,362,363.55,25017
2018-03-26,360,371,360,367.35,85226
2018-03-27,374.9,376.65,368.2,372.2,16956
2018-03-28,372,375.85,353,355.2,34871
2018-04-02,362.25,389.75,355.05,385.4,46677
2018-04-03,387.6,407.45,383.6,404.7,43869
2018-04-04,411.95,411.95,391.45,393.6,33004
2018-04-05,399,402,390,394.65,22475
2018-04-06,396.1,396.1,383,385.7,17738
2018-04-09,388.8,423.7,373.1,408,174660
2018-04-10,415,489.6,415,480.5,1519787
2018-04-11,475,476,457.8,466.3,279135
2018-04-12,469,483.4,458.3,462.95,196387
2018-04-13,466,487,457.5,474.2,371585
2018-04-16,460,484.2,460,478.2,87825
2018-04-17,478.25,484,471.15,476.15,111104
2018-04-18,478.75,479,465.25,470.3,50141
2018-04-19,470.3,499,466,480.95,186966
2018-04-20,479.7,490,476.6,483.8,87306
2018-04-23,487.9,515,479.15,498.8,294016
2018-04-24,496,510,488.1,492.2,180921
2018-04-25,490.1,514.9,476.3,489.55,392760
2018-04-26,488.45,504.4,487.2,490.3,61767
2018-04-27,494.8,494.95,476,480.4,56486
2018-04-30,482,494.35,461.3,465.95,111934
2018-05-02,466,477.55,454.35,457.15,45821
2018-05-03,458.1,464.3,445.25,451.3,38336
2018-05-04,450.3,461.85,446.5,450.7,45195
2018-05-07,454.9,464.35,450.5,457.8,48877
2018-05-08,455,462.3,444.9,459.65,85681
2018-05-09,459.05,460,450,452.55,28451
2018-05-10,454,454,434.5,438.45,24615
2018-05-11,440,458.05,437.2,446.9,32400
2018-05-14,453.95,453.95,426.6,430.5,20666
2018-05-15,425.6,445,417.3,423.7,19609
2018-05-16,415.45,434,415,427.65,59173
2018-05-17,427.75,455,427.75,450.7,56479
2018-05-18,453.7,453.7,434.2,442.55,76451
2018-05-21,442.3,445.5,429,435.05,63186
2018-05-22,435.05,445.4,425,427.95,17021
2018-05-23,430,432.5,415,417.55,34320
2018-05-24,424,424,397,402.2,51927
2018-05-25,402.6,402.95,391.6,396.65,25298
2018-05-28,398.6,403.05,388,392.3,40025
2018-05-29,388.55,398,385,385.45,62542
2018-05-30,384.9,385.2,377,378.8,22097
2018-05-31,378.8,382.6,365.35,370.15,40225
2018-06-01,376.45,376.45,362,363.6,22397
2018-06-04,364.25,372.1,345.35,351.3,53564
2018-06-05,352,352.8,332,336.35,38631
2018-06-06,337,358.45,325,343.45,61039
2018-06-07,347,374.9,346.7,365.3,81480
2018-06-08,369.9,374.95,360,366.15,72842
2018-06-11,368.65,374.5,363.65,369.85,127421
2018-06-12,370.5,386.75,366.15,379.85,114682
2018-06-13,385,390,369.45,371.65,23542
2018-06-14,373.5,388,370.1,380,30520
2018-06-15,383.25,384.7,370,376.35,15988
2018-06-18,370.1,374.95,364.1,365.65,33006
2018-06-19,365.75,366.25,348,350.55,34400
2018-06-20,353.4,359.8,345.65,348.85,39061
2018-06-21,349.85,353.65,342.05,343.65,35857
2018-06-22,344.05,346.4,339.05,343.45,25023
2018-06-25,348.9,348.9,330,331.4,25949
2018-06-26,333,349.4,331.45,337.15,118413
2018-06-27,338.3,343.75,330.3,334.75,45490
2018-06-28,337,337.45,318.3,319.7,28938
2018-06-29,322.9,344.25,321.95,340.5,56741
2018-07-02,346.95,348,335.9,337.25,45381
2018-07-03,335,342.9,333,337.45,22911
2018-07-04,338.1,347.35,337,338.7,29702
2018-07-05,339.7,341.05,334.1,338.25,26956
2018-07-06,339.05,347.95,339.05,344.25,37773
2018-07-09,345.2,354.3,342.95,350.95,14158
2018-07-10,356.15,363.6,352.45,358.5,31623
2018-07-11,362.35,379.9,360.65,367.15,94837
2018-07-12,367.95,372.4,360,360.9,31081
2018-07-13,363.7,374,359.1,360.9,36739
2018-07-16,361.75,361.75,334.3,338.05,23098
2018-07-17,335,347,332.95,335.5,27835
2018-07-18,340,346.5,336,344.5,28219
2018-07-19,350,351.55,340.1,343.85,12435
2018-07-20,345.55,351.45,338.2,344.85,35122
2018-07-23,351.95,356.75,343.45,347.1,14201
2018-07-24,353,365,347.35,360,28966
2018-07-25,363.5,376.9,353.1,358.45,54769
2018-07-26,361.35,367.5,360.05,361.2,11841
2018-07-27,362,364.8,357,358.95,9696
2018-07-30,360,365.8,360,361.6,8984
2018-07-31,362.4,366.25,360.5,362.3,8682
2018-08-01,365.9,369.45,363.05,364.95,14053
2018-08-02,369.85,385,368.45,382.15,63369
2018-08-03,388,411.9,387.05,401.85,126368
2018-08-06,402.05,407.75,398,399.65,29791
2018-08-07,406.7,406.7,376.6,383.65,35972
2018-08-08,382,397.3,375.25,377.6,24655
2018-08-09,379.9,407.7,379.9,382.65,139267
2018-08-10,385,396.9,383.05,385.6,32963
2018-08-13,380.45,388,375.05,381.6,16780
2018-08-14,383.05,390,379.55,381.55,21739
2018-08-16,380.05,392.55,377,379.6,28254
2018-08-17,384,386.75,378.2,380,14741
2018-08-20,377.1,389.65,375.15,376.1,24298
2018-08-21,378.8,382,363.65,369.15,38653
2018-08-23,373.6,378.4,369,370.35,11854
2018-08-24,372.6,372.6,362.3,364.15,14416
2018-08-27,368.4,371.05,363.1,364.65,11486
2018-08-28,365.8,382.5,363.3,368.15,49770
2018-08-29,370.7,375,364,366.3,22548
2018-08-30,367,375,364.05,369.9,16234
2018-08-31,371.9,375,348.85,360.55,60476
2018-09-03,360.55,369,359.15,364.7,28222
2018-09-04,367.6,369.7,358.25,359.6,15303
2018-09-05,357,360.8,345.15,352.5,16753
2018-09-06,353.75,359.5,349.75,352.85,11334
2018-09-07,350.3,356,345.6,348.65,22703
2018-09-10,350.7,359.9,347,349.2,12920
2018-09-11,351.9,356.9,345.85,347.7,11432
2018-09-12,347.7,350.05,343,345.1,10244
2018-09-14,347.05,354.55,347.05,349.25,11296
2018-09-17,350.5,355,345.2,352.35,17607
2018-09-18,350.4,353.5,346.45,348.3,6268
2018-09-19,350.05,352,340,346.05,11465
2018-09-21,348,349.4,315,326.55,25626
2018-09-24,322.25,334.8,315,332.25,30063
2018-09-25,330,336,309.45,320.7,22766
2018-09-26,323.55,329.8,320,324.75,11273
2018-09-27,322,328,322,325.65,17810
2018-09-28,328.95,329.3,315,319.65,34536
2018-10-01,319.65,324.35,298.1,311.75,37462
2018-10-03,313.4,328.95,307.3,325.35,35577
2018-10-04,322.85,326.65,312,315.75,9629
2018-10-05,311,319.45,310,315.05,13842
2018-10-08,316,318,296.15,301.05,13100
2018-10-09,305,305,290,295.1,12019
2018-10-10,293.25,306.75,293.25,300.35,12548
2018-10-11,293,304,293,297,21662
2018-10-12,302.3,308.35,300,305.7,10716
2018-10-15,310,335,310,318.65,46946
2018-10-16,323,326.9,315,317.1,10227
2018-10-17,320.05,326.4,316.2,317.85,33457
2018-10-19,314.9,319.9,302.05,304.3,35877
2018-10-22,301.6,310,300,301.45,7477
2018-10-23,300.95,307.3,294.05,297.6,14065
2018-10-24,297.6,304,293,297.85,38270
2018-10-25,298,298,291,293,5432
2018-10-26,293,293.05,262.65,287,15280
2018-10-29,287,295.5,280.9,291.4,8669
2018-10-30,288.6,306.7,288.1,300.85,13079
2018-10-31,301,317.9,298.65,306.6,40825
2018-11-01,305.15,312.75,304.7,310.75,15381
2018-11-02,314.9,319.5,311.15,311.85,13299
2018-11-05,311.25,320.85,307,317.05,14543
2018-11-06,317,320.35,314.4,315,3980
2018-11-07,315,322.95,315,320,1540
2018-11-09,320,320.8,310,311.45,4077
2018-11-12,313.4,317.5,297.25,314.1,14279
2018-11-13,314.05,319.8,312.1,315.9,5933
2018-11-14,314.7,319.45,313.9,315.15,3994
2018-11-15,312.25,316,310,312.2,7615
2018-11-16,311.2,315,310.1,312.35,2573
2018-11-19,313.7,315.4,307.1,309.9,4584
2018-11-20,308.5,324,306.95,313.55,20928
2018-11-21,311.05,315,309.1,311.45,2976
2018-11-22,309.85,312,305.1,307.6,4804
2018-11-26,311.95,312,306.15,308.2,3398
2018-11-27,308.65,318.7,307.2,310.65,9496
2018-11-28,311,311,307,309.25,2579
2018-11-29,310.2,310.2,296.45,300.35,7860
2018-11-30,301.05,305.1,296.9,297.9,6853
2018-12-03,300,305,295.05,295.7,8497
2018-12-04,297.5,309.95,295.7,297.85,20697
2018-12-05,302,302,292.05,293.95,37494
2018-12-06,293.35,295.15,291.65,292.2,3154
2018-12-07,291.5,292.35,283.5,284.1,4362
2018-12-10,283.5,292,280,280.85,9508
2018-12-11,275.3,285.85,273.95,280.9,5376
2018-12-12,280.1,315,280.05,288.55,300223
2018-12-13,304,304,286.55,288.3,74969
2018-12-14,289,303,286,292.7,62954
2018-12-17,295.6,295.6,288.7,290.35,11806
2018-12-18,290,295.1,286.85,288.65,28846
2018-12-19,288.7,295,288.7,290,18890
2018-12-20,289.95,291.9,278,280.9,26967
2018-12-21,282,286.45,270,277,23871
2018-12-24,275.1,277.45,273.05,274.35,34065
2018-12-26,275.95,275.95,265,271.15,20337
2018-12-27,278.8,278.8,270.7,271.45,6380
2018-12-28,271.65,282.05,271.65,276.8,14104
2018-12-31,279,279.95,273.25,274.75,10390
2019-01-01,274.85,288.9,274.85,279.2,20300
2019-01-02,281.7,282,271.75,273.45,9291
2019-01-03,274,275.5,269.35,271.5,34449
2019-01-04,270.55,275,268.1,269.55,8207
2019-01-07,270.05,280,270.05,270.9,8410
2019-01-08,272.85,272.85,266,267.95,11034
2019-01-09,269.85,278,268.5,272,73275
2019-01-10,274.8,274.8,269.25,271.75,18099
2019-01-11,271.5,273.5,265.2,266.35,12156
2019-01-14,265.05,268.05,261.5,262.55,11687
2019-01-15,263.45,270,262,263.4,31880
2019-01-16,264.5,266.3,263.25,264.35,4895
2019-01-17,266,266.65,262.5,263.05,5528
2019-01-18,263.05,264.35,256,256.8,11617
2019-01-21,256.8,260,252.25,256,7426
2019-01-22,258.25,259,246.7,249.75,20005
2019-01-23,248.9,249.5,243.3,245.6,11550
2019-01-24,243.3,247.55,239.15,240,6857
2019-01-25,240.9,269,239.8,245.05,79989
2019-01-28,243,265,239.1,240.7,9379
2019-01-29,235,236.55,221.2,224.9,36588
2019-01-30,225.95,227.75,224.75,226.5,19838
2019-01-31,227,232,226.5,230.05,9241
2019-02-01,231.15,238.3,227.6,234.4,17682
2019-02-04,238,238,232.05,234.1,5984
2019-02-05,233.25,237.7,225.6,226.55,11033
2019-02-06,229.5,229.5,221.5,222.25,8762
2019-02-07,220.2,224.85,218,219.7,9868
2019-02-08,219.7,219.7,213.55,215.6,6945
2019-02-11,213.25,213.6,196.25,206.15,15584
2019-02-12,202.05,225.7,202.05,219.85,53013
2019-02-13,219.75,227.7,218.4,221.05,13684
2019-02-14,221,221.55,215,219.85,5902
2019-02-15,220,230,219,221.1,13777
2019-02-18,223.3,225,216.7,218,4460
2019-02-19,212.25,220.75,212.25,219.85,22692
2019-02-20,221,233,220.9,224.25,9417
2019-02-21,222.05,228.7,222,226.9,4936
2019-02-22,225.25,227,222.1,225.9,5922
2019-02-25,228.9,237.05,221.85,230.7,63661
2019-02-26,225,230.8,222,229.1,11847
2019-02-27,230.8,238.15,227.2,229.85,18954
2019-02-28,233.3,248,229.6,238.2,73621
2019-03-01,239,250.9,238,248.5,31478
2019-03-05,250.5,259.55,250,252.15,40073
2019-03-06,252.1,264.9,248.55,260.1,39818
2019-03-07,261.9,262,256.25,259.35,10947
2019-03-08,258,272.05,257,265.35,25879
2019-03-11,264.85,277.85,264.1,268.1,14934
2019-03-12,269.5,273.2,260,260.85,11905
2019-03-13,260.85,275.3,259.05,263.8,64492
2019-03-14,265.9,268.75,260.9,262.55,10148
2019-03-15,263.05,265.45,251.65,255.85,12515
2019-03-18,260,260.75,252.2,253.7,7905
2019-03-19,253.7,258,252,253.25,8625
2019-03-20,254.95,255.1,249.5,251.25,10359
2019-03-22,251.05,256.05,246.05,248.1,6799
2019-03-25,247.55,247.95,239,240.85,10200
2019-03-26,240.9,243.9,232,234,13995
2019-03-27,234.25,236.8,230.2,232.3,7770
2019-03-28,233.45,238.8,228,231.4,20949
2019-03-29,232.95,245.35,231.5,238.6,15748
2019-04-01,240,256.8,232.55,253.05,27110
2019-04-02,254.9,263,250.95,253.7,32208
2019-04-03,253.7,258.05,244,246.1,11922
2019-04-04,245.1,246.7,238.05,240.45,3940
2019-04-05,242.5,246.95,239.1,240.85,9057
2019-04-08,243,252.95,240.15,246.35,18278
2019-04-09,242.6,248,236.9,239.05,38189
2019-04-10,240,247.45,239.95,242.1,21342
2019-04-11,244.45,245.3,238.05,238.65,9545
2019-04-12,238.1,242,238.05,239.6,10286
2019-04-15,239.95,241.45,236.55,237.3,16899
2019-04-16,238.5,243.5,236.2,239.25,303743
2019-04-18,237.55,241,231,233.75,19903
2019-04-22,236.8,237.5,228.4,230.1,15767
2019-04-23,225.05,233.05,225.05,226.7,12734
2019-04-24,229.1,231.2,225.9,226.7,5702
2019-04-25,226.2,231,225.35,228.25,9112
2019-04-26,229.45,232.4,226.05,227.15,9914
2019-04-30,226,226,215,219.55,17222
2019-05-02,222,222,210,213.25,11785
2019-05-03,215,219,213,215.6,11418
2019-05-06,215.6,219.25,210,211.75,15627
2019-05-07,212.05,214.7,210.1,211.15,9753
2019-05-08,210.55,212.65,208.1,210.15,7884
2019-05-09,205.05,213.95,203.8,207.9,4169
2019-05-10,207,209.05,201.1,203.05,16823
2019-05-13,202.15,209.1,201,202.95,4395
2019-05-14,202.5,203.9,198,201.35,11033
2019-05-15,200,204,200,202.1,7398
2019-05-16,203.9,204.5,199.25,201.4,5128
2019-05-17,199.3,201,196.1,197.05,7200
2019-05-20,200,203.35,198.05,199.65,16790
2019-05-21,199.65,203.6,199.35,200.45,7424
2019-05-22,200.45,203.5,197.9,198.6,14558
2019-05-23,211.6,218,196,197.25,89867
2019-05-24,198,203.05,198,200.7,56184
2019-05-27,200,203.5,194.5,195.8,68056
2019-05-28,196.85,197,190.3,191.5,52353
2019-05-29,194.7,205.75,191.75,201.2,160030
2019-05-30,202.05,216,202.05,213.55,150684
2019-05-31,216,223.9,214.2,220.65,111819
2019-06-03,222.4,237.7,217.95,233.7,357235
2019-06-04,232.65,235.6,227.7,230.25,73360
2019-06-06,229.85,246.5,229.8,233.85,105508
2019-06-07,234.3,235,223.6,230,94986
2019-06-10,230,232.4,218.15,221.35,32793
2019-06-11,220.55,232,220.55,229.95,59837
2019-06-12,228.7,229.8,223.15,224.75,19314
2019-06-13,223.25,230,220.75,224.65,54839
2019-06-14,223.15,225.05,220.25,221.95,9703
2019-06-17,221.95,223.75,216.65,219.4,33486
2019-06-18,221.85,222.05,208,212.45,17650
2019-06-19,213,222,192.7,205.05,30939
2019-06-20,205.1,214.5,201.9,210.85,19214
2019-06-21,209,212.95,207.4,209.4,8493
2019-06-24,209.4,217.15,208.2,213.65,13061
2019-06-25,212,219.9,211.05,212.25,9707
2019-06-26,211.6,216,207,209.35,24807
2019-06-27,211.65,214.5,210.6,212.25,8320
2019-06-28,212.05,214.75,208.6,211.25,9405
2019-07-01,212.85,215,209.1,210.5,5498
2019-07-02,211.95,228.85,206.5,223.9,48242
2019-07-03,223.8,229.7,220.2,221.4,20220
2019-07-04,222.7,225.4,220.5,220.95,7869
2019-07-05,222.05,225.8,211.1,214.05,11283
2019-07-08,212.55,217,208,211.75,8568
2019-07-09,213,213.85,210,210.45,4237
2019-07-10,210.5,211.9,208,209.45,7851
2019-07-11,209.5,211.7,205.55,209.9,2552
2019-07-12,209.8,211,206.45,209.05,7828
2019-07-15,209.95,212.05,206,208,5539
2019-07-16,207.7,229.5,207.35,212.95,163313
2019-07-17,209.25,222.4,209.25,212.1,25281
2019-07-18,212.95,221.65,211.1,212.85,19743
2019-07-19,215.8,216,205.25,209.8,19778
2019-07-22,212.35,214.05,206,207.75,18134
2019-07-23,206.6,214.5,206.5,207.35,22045
2019-07-24,208.65,210.55,205,205.9,9156
2019-07-25,206.9,208.8,202.6,203.45,5877
2019-07-26,202.75,208.75,201,205.45,6084
2019-07-29,205.3,206.45,196.25,201.95,10796
2019-07-30,201.1,209,196.5,200.5,13151
2019-07-31,198.05,198.05,193.1,194.55,10463
2019-08-01,194.55,195.85,191.5,192.7,2882
2019-08-02,191.6,192.45,184.55,188.7,12606
2019-08-05,188,188,182.65,184.7,6076
2019-08-06,185,189.9,184.85,185.65,8542
2019-08-07,189.85,197.7,187.05,195.1,11304
2019-08-08,190,194.45,185.5,188.25,8173
2019-08-09,187,193.2,187,190.6,5345
2019-08-13,194.95,194.95,182.05,184.05,8380
2019-08-14,187.15,188,182.55,185.3,3865
2019-08-16,185.05,188.05,181.8,182.75,7598
2019-08-19,183.05,186.9,182,182.45,3521
2019-08-20,182.45,184.85,182,184.25,1846
2019-08-21,184,184,177,178.05,4915
2019-08-22,178.05,179.65,165,169.8,10328
2019-08-23,169,173.2,162.05,166.65,8142
2019-08-26,172.7,175.1,158.7,174.05,5658
2019-08-27,175.25,185,175.25,179.45,4481
2019-08-28,178.15,184.45,178,180.65,4030
2019-08-29,181.95,184,176.5,181,15833
2019-08-30,180.5,184.2,177.6,179.9,65388
2019-09-03,181.55,183.05,173,173.6,4146
2019-09-04,176.05,178,171,172.05,2119
2019-09-05,173.45,178.95,169.15,170.45,4524
2019-09-06,172.45,174.2,169.9,171.2,7163
2019-09-09,171.9,173.2,166.2,170.35,12681
2019-09-11,173.75,177.65,173.7,176,16987
2019-09-12,176.7,178.65,171.2,176.7,10784
2019-09-13,177.35,178.7,174.8,175.95,6298
2019-09-16,182.5,182.5,176,176.8,7924
2019-09-17,178.55,180.2,173.8,176.05,13148
2019-09-18,179.1,179.15,173,175.3,8542
2019-09-19,176.25,176.55,172.35,172.85,2169
2019-09-20,179.65,185.7,174.05,177.85,32777
2019-09-23,180.15,184,171.3,172.4,29682
2019-09-24,173.05,176.95,173,173.65,9680
2019-09-25,174.4,174.75,165,166.85,19660
2019-09-26,169.9,172.2,168.4,170.75,4976
2019-09-27,171.9,173.3,165.3,166.2,8020
2019-09-30,166.35,169,161.6,162.5,5842
2019-10-01,164.5,164.5,159.55,161.05,7405
2019-10-03,160,161,157,159.2,31503
2019-10-04,159.05,166,159,162.45,4796
2019-10-07,166.4,166.4,160.25,161.4,3656
2019-10-09,159.95,162,158.55,160.7,4664
2019-10-10,161.05,161.2,157,158.45,4939
2019-10-11,158.1,158.25,151,154.5,10389
2019-10-14,153.15,155.15,151,153.45,6804
2019-10-15,152.6,155,151.3,152.45,4470
2019-10-16,152.4,157.55,150,150.25,18744
2019-10-17,150.3,151.95,149,149.85,4193
2019-10-18,151.95,154.95,147.6,148.55,24889
2019-10-22,151.75,153.75,146.25,147.8,12535
2019-10-23,145.05,162.35,145.05,155.9,31105
2019-10-24,160.5,160.5,151,151.6,10966
2019-10-25,152.95,156.7,149.3,154.9,10473
2019-10-29,157,164.85,154.15,160.3,11344
2019-10-30,163,169,160.2,163.2,19371
2019-10-31,185.25,192.45,167,168.25,800981
2019-11-01,170.85,171.55,165.25,166.9,64687
2019-11-04,168,172,165,165.95,39217
2019-11-05,168.4,168.4,156.75,157.9,47709
2019-11-06,159.9,160.05,151.8,152.3,70146
2019-11-07,156.5,158.9,148.05,153.5,64327
2019-11-08,152.6,154.15,148.3,149.65,19958
2019-11-11,151.1,153,145.15,149.4,32912
2019-11-13,149.4,151.1,147.95,149.4,25304
2019-11-14,150.45,150.45,142.5,146.35,34167
2019-11-15,147.5,149.6,145.85,146.5,13557
2019-11-18,147.35,150.8,145,146.75,29485
2019-11-19,145.6,148.05,142,142.7,19269
2019-11-20,143.55,145.7,142.5,144.15,36939
2019-11-21,144.2,144.5,138.65,141.7,44676
2019-11-22,142.35,142.7,140.85,141.65,6553
2019-11-25,147,147,140,140.5,18260
2019-11-26,142.25,143.35,141.25,141.7,18758
2019-11-27,146.9,152.1,141.85,145.85,47504
2019-11-28,147.1,147.2,143.1,144.1,15247
2019-11-29,146.75,146.75,143,144.2,13107
2019-12-02,146.15,146.2,141,141.25,9085
2019-12-03,141.35,143.75,141.3,141.65,6832
2019-12-04,144.7,149.9,138.65,146.05,107669
2019-12-05,146.9,150.95,144.15,144.45,37215
2019-12-06,147.2,148,140.5,141,13172
2019-12-09,144.9,146.9,142,142.65,16113
2019-12-10,145,145,137.5,138.4,9265
2019-12-11,142.5,142.5,135,135.5,14596
2019-12-12,136.1,140,132.3,137.75,110331
2019-12-13,138.95,140,135,135.55,15280
2019-12-16,137.05,147,134,138.4,84105
2019-12-17,141.45,145.75,139.5,143.65,50268
2019-12-18,146,150,144,147.55,37029
2019-12-19,149,149,140.95,143.7,19567
2019-12-20,143.2,144.55,141,142.15,27579
2019-12-23,142.6,152.75,141.25,146.85,176287
2019-12-24,148.5,172,144.25,164.45,558251
2019-12-26,165.9,174.45,162.5,169.15,392165
2019-12-27,169.1,170.95,163.55,164.4,56298
2019-12-30,166.65,174.75,164.4,172.2,127622
2019-12-31,172.9,174.8,167,169.35,61323
2020-01-01,171.55,172.4,165.5,166.75,39569
2020-01-02,166.75,169.55,164.5,165.7,45989
2020-01-03,166.1,168.75,164.15,164.65,37410
2020-01-06,164.5,164.5,155,157.05,42848
2020-01-07,161.5,168.7,157.45,165,105884
2020-01-08,161.5,179.7,159.8,172.2,592730
2020-01-09,174.4,177.8,168.15,171.1,108255
2020-01-10,171.9,177.2,171,172,81555
2020-01-13,173.9,182,173,176.85,131315
2020-01-14,178.65,180.3,168.1,171.05,88039
2020-01-15,171.8,174.7,170.05,173.35,44922
2020-01-16,174.5,178.2,173.8,176.1,38156
2020-01-17,173.35,196.6,173.35,190.9,354450
2020-01-20,193.9,193.9,183.55,189.05,135003
2020-01-21,187.2,188.55,182.35,184.55,65616
2020-01-22,184.45,190.15,181.15,183.2,64303
2020-01-23,184.95,189.85,183.15,186.5,52400
2020-01-24,186.95,219.45,185.95,207.7,1295566
2020-01-27,208.3,218.7,206.5,212.2,377104
2020-01-28,214.55,216,203,207.15,126347
2020-01-29,200,200.25,186.8,187.95,246012
2020-01-30,183,189.5,178.1,184.95,136913
2020-01-31,186.9,187.75,180.1,181.2,46237
2020-02-01,181.45,185.5,171.05,172.4,68264
2020-02-03,173,176.45,164.15,170.95,118854
2020-02-04,173.3,178.05,171.05,172.45,92684
2020-02-05,173.15,176.45,168.95,170.45,53989
2020-02-06,172.15,173,168,169.4,39297
2020-02-07,169.4,170.7,167,167.75,28920
2020-02-10,168.45,168.85,162,163.8,54014
2020-02-11,164.6,171.35,164.6,167.4,66841
2020-02-12,167.4,169.8,165.15,165.85,16762
2020-02-13,167.25,169,163,164.45,29256
2020-02-14,163.55,167.65,162.5,163.3,32078
2020-02-17,164,164.15,157.25,158.5,27403
2020-02-18,158.5,159,151.7,155.7,57281
2020-02-19,159.75,160.75,151.2,152.7,51624
2020-02-20,152.7,157.55,150.3,155,40225
2020-02-24,155,157.2,151.15,153.05,22980
2020-02-25,155.9,155.9,149,149.95,24022
2020-02-26,146.5,151.25,140.55,141.95,47230
2020-02-27,143.5,143.5,136.6,140.75,34396
2020-02-28,134,137.4,131,131.9,39348
2020-03-02,133.1,137,123,125.3,37675
2020-03-03,128.35,131,124.5,130.1,28673
2020-03-04,129.05,131.8,122.45,124.95,35469
2020-03-05,123,126.8,120,120.95,47814
2020-03-06,115,125.1,112.65,117,47720
2020-03-09,115.4,115.4,101,104.2,94097
2020-03-11,104.25,113,104.15,106.9,73715
2020-03-12,102.4,102.4,93,94.4,55746
2020-03-13,89.5,98.8,81.2,96.5,52627
2020-03-16,94.5,96.25,84.3,86.6,83274
2020-03-17,83.45,92.15,79.25,81.55,71296
2020-03-18,81.6,84,74.75,75.65,112398
2020-03-19,74,83.2,68.5,77.75,63878
2020-03-20,80.95,81.3,76.25,78.4,56587
2020-03-23,76,76,70.6,71.5,14775
2020-03-24,65.2,74.6,64.35,68.6,25006
2020-03-25,65.8,74.75,64.1,73,23748
2020-03-26,79,80.3,72.45,80.2,20514
2020-03-27,87.8,88.2,72.2,78.4,31001
2020-03-30,81.95,81.95,70.6,71.9,30862
2020-03-31,74.85,77.85,70,73.35,33147
2020-04-01,74.6,75.6,70.2,73.05,15989
2020-04-03,77.7,77.7,71,74.65,23270
2020-04-07,75.25,75.75,73.05,74.5,87475
2020-04-08,73,77.4,73,73.7,45648
2020-04-09,76.9,81,73.75,80.25,41576
2020-04-13,82.35,82.35,75.35,77.4,29745
2020-04-15,79,80,77,78.3,59695
2020-04-16,79.9,85.5,77.1,83.4,38639
2020-04-17,85.9,87,83.4,85.05,36638
2020-04-20,89.4,89.4,85.05,87,57099
2020-04-21,86.8,86.8,80.25,81.65,40550
2020-04-22,81.5,83,78.55,80.15,28012
2020-04-23,74.5,81.5,74.5,78.05,28720
2020-04-24,81.35,81.35,76,76.35,22582
2020-04-27,76.6,83.95,76.6,81.45,172993
2020-04-28,83,83,78.95,80.25,31888
2020-04-29,81.95,81.95,79.05,79.85,28917
2020-04-30,80.05,82.55,78.55,79.7,39156
2020-05-04,78.7,78.8,75.1,75.9,21444
2020-05-05,79,79.95,77,77.4,39815
2020-05-06,80.9,80.9,75,77.85,17481
2020-05-07,76.95,78.8,76.55,77.5,11677
2020-05-08,78,79.5,75,75.7,20341
2020-05-11,78.5,78.5,74,74.4,32805
2020-05-12,73.6,75.4,73.2,74.2,19610
2020-05-13,78,78,74,74.85,21201
2020-05-14,74.85,74.85,73.5,73.8,16613
2020-05-15,74,75.25,72.95,73.3,22336
2020-05-18,74,74.1,70,70.35,19064
2020-05-19,72,72.85,69.1,69.9,73012
2020-05-20,71.3,71.35,68.75,69.45,22407
2020-05-21,71,71,69.05,69.2,28076
2020-05-22,68.25,70.2,67.55,68.25,19549
2020-05-26,69,74.95,69,73.1,80093
2020-05-27,72.25,80.4,71.4,77.9,2036987
2020-05-28,81,84.85,78.55,80.5,1676386
2020-05-29,77,77.6,74.9,75.2,321407
2020-06-01,76.05,77.7,74.2,74.65,261327
2020-06-02,74.7,75,72.55,73.95,207169
2020-06-03,74.3,75.9,73.5,73.8,204716
2020-06-04,73.9,74.2,72.05,72.7,139621
2020-06-05,74,78.4,72.5,76.15,718193
2020-06-08,79.95,82.3,77.55,79.2,759050
2020-06-09,79.9,81.3,75.1,76.65,320645
2020-06-10,80,91.95,78.7,91.95,2013968
2020-06-11,104.25,110.3,101.75,110.3,770191
2020-06-12,110,121.3,105.3,121.3,2623412
2020-06-15,133.4,133.4,126,133.4,1238348
2020-06-16,146.65,146.7,128.25,146.7,3070332
2020-06-17,152.6,152.6,139.4,139.4,1709919
2020-06-18,132.45,132.45,132.45,132.45,62486
2020-06-19,125.85,137,125.85,128.8,1112956
2020-06-22,122.4,122.4,122.4,122.4,77972
2020-06-23,116.3,122.4,116.3,117.2,1670285
2020-06-24,118.1,123.05,118,122.85,898978
2020-06-25,122.85,127,118.55,119.25,411678
2020-06-26,120.9,125.2,118.55,120.9,507275
2020-06-29,120,120.85,114.9,114.9,206069
2020-06-30,112,113.9,109.2,110.15,291732
2020-07-01,109.25,113.3,105.25,107.05,518433
2020-07-02,110.15,112.4,108,112.4,484441
2020-07-03,114.9,116.35,107.6,109.3,362103
2020-07-06,110.1,112.2,109,110.15,197409
2020-07-07,111,111.95,107.15,108.4,110210
2020-07-08,108,113.8,106.6,113.8,235454
2020-07-09,119.45,119.45,112,113.05,382589
2020-07-10,112,116.25,110.55,111.8,161127
2020-07-13,112.05,114,108.05,108.65,137425
2020-07-14,108.05,109,104.55,105.05,154471
2020-07-15,106.5,110.3,106.15,110.1,245550
2020-07-16,111.4,113.7,106.5,107.85,174807
2020-07-17,108.8,109.85,107,108.1,106375
2020-07-20,109.4,111.2,108.2,108.95,141626
2020-07-21,111,114.35,109.65,114.35,289551
2020-07-22,116.4,118.9,112.3,113.55,268678
2020-07-23,114.45,119.2,113.5,119.2,253415
2020-07-24,117,125.15,114.75,125.15,390227
2020-07-27,128.4,131.4,122.25,127.85,519075
2020-07-28,127.95,134.2,126.15,133.15,326551
2020-07-29,135.9,139.45,132.5,137.35,356952
2020-07-30,138.75,142.9,136,137.5,298140
2020-07-31,138,142,138,140.65,235173
2020-08-03,140.65,140.65,133.65,134.85,184176
2020-08-04,134.95,136,129.3,134,139565
2020-08-05,134,140.5,134,135.85,180357
2020-08-06,137.55,142.6,136,142.6,391682
2020-08-07,143.2,149.7,143.2,149.7,324633
2020-08-10,157.15,157.15,157.15,157.15,24917
2020-08-11,165,165,165,165,18346
2020-08-12,173.25,173.25,160,173.25,772901
2020-08-13,181.9,181.9,178,181.9,338015
2020-08-14,188,190.95,185,190.95,329653
2020-08-17,197.9,197.9,181.45,183.05,452229
2020-08-18,183.05,192.2,183.05,192.2,246953
2020-08-19,192.6,201.8,192.6,201.8,298255
2020-08-20,211.85,211.85,205.3,211.85,105301
2020-08-21,222.4,222.4,222.4,222.4,61340
2020-08-24,233.5,233.5,215,230.95,3031591
2020-08-25,232,242.35,222.2,233.85,701526
2020-08-26,244,245.5,236.25,245.5,760306
2020-08-27,257.75,257.75,257.75,257.75,48132
2020-08-28,270.6,270.6,244.9,254.65,1064609
2020-08-31,255.5,263,241.95,242,554888
2020-09-01,241,249.85,231.25,237.65,273176
2020-09-02,242.65,249.5,238,249.5,75686
2020-09-03,258.4,261.95,257.9,261.95,38417
2020-09-04,260,275,255,273.6,608753
2020-09-07,280,287.25,276.35,287.25,418504
2020-09-08,297,301.6,288,297.45,954501
2020-09-09,292,300,282.6,287,836677
2020-09-10,290.3,299.7,278.2,283.95,331821
2020-09-11,288,298.1,281.05,298.1,447728
2020-09-14,304.8,313,304.8,313,142254
2020-09-15,328.65,328.65,328.65,328.65,31514
2020-09-16,330,345.05,328,343.1,941373
2020-09-17,350.4,360.25,345,360.25,592372
2020-09-18,378.25,378.25,378.25,378.25,115341
2020-09-21,392.95,397.15,361.2,393.5,1638079
2020-09-22,390.95,396.95,373.85,375.25,805794
2020-09-23,388,391.95,360.2,369.2,397149
2020-09-24,354.85,364,350.75,350.9,521819
2020-09-25,356.25,368.4,337.35,366.75,548611
2020-09-28,378.8,385.05,378,385.05,61541
2020-09-29,404.3,404.3,391.6,404.3,675789
2020-09-30,414,424.5,410,424.5,576335
2020-10-01,445.7,445.7,438.4,445.7,393065
2020-10-05,462.4,467.95,460.05,467.95,322859
2020-10-06,487.4,491.3,486,491.3,68814
2020-10-07,515.85,515.85,515.85,515.85,28963
2020-10-08,541.6,541.6,490.1,490.1,641364
2020-10-09,465.6,490.9,465.6,465.75,1052928
2020-10-12,475,489,466,489,562869
2020-10-13,507.8,513.45,492,513.45,441672
2020-10-14,528.4,534.9,490,512.55,762787
2020-10-15,502,531.5,487,490.3,549749
2020-10-16,500,514.8,485.55,512.8,407166
2020-10-19,528.4,532.7,504,507.95,300571
2020-10-20,511,514.95,484,491.05,287902
2020-10-21,491.5,500,466.5,470.15,419044
2020-10-22,473,476.8,449,453.3,380881
2020-10-23,452.75,475.95,441,475.95,582731
2020-10-26,480,492,466.35,472.45,346333
2020-10-27,472.4,490,460.55,481.6,268310
2020-10-28,486.4,486.4,470.55,477.05,133170
2020-10-29,467.55,488.2,462.4,475,179160
2020-10-30,473,485,470,471.8,99610
2020-11-02,462.6,480.85,462,464.35,147177
2020-11-03,475,478.5,441.15,448.5,299140
2020-11-04,459.9,468.4,426.1,428.45,470242
2020-11-05,429.7,449.85,410.8,448.4,321366
2020-11-06,452,462,440,448.9,274256
2020-11-09,455,459,450,457.65,208455
2020-11-10,461.7,470.8,441.05,463.6,301921
2020-11-11,466.1,469.9,451.85,453.4,133638
2020-11-12,454.7,457.9,436.55,449.6,137322
2020-11-13,449,472.05,441.6,462.9,447461
2020-11-14,466.9,467.4,458.1,460.5,47794
2020-11-17,460,465,448,451.25,189686
2020-11-18,454.7,461,442.15,445.3,133099
2020-11-19,445,454.25,431.95,435.6,131717
2020-11-20,439,444.9,426.05,432.8,110848
2020-11-23,438,452,431,445,183306
2020-11-24,449.7,454.25,446.05,450.5,119666
2020-11-25,452.95,456.2,441,446.95,190618
2020-11-26,448,453.75,440.7,445.05,136653
2020-11-27,449,450,442,445.7,132678
2020-12-01,445,467.95,442,467.95,368945
2020-12-02,475.4,478.8,455.1,460.55,343172
2020-12-03,461.65,472,457.7,459.85,202622
2020-12-04,463.7,482.8,459.5,482.8,487384
2020-12-07,495,508.7,473.85,489.05,416559
2020-12-08,492.95,498.3,480,485.6,162823
2020-12-09,490,534.15,490,519.65,1004169
2020-12-10,522.75,528,490,516.4,372556
2020-12-11,525,568,521.25,565.85,774746
2020-12-14,570.7,616.25,570,606.35,886565
2020-12-15,614.8,616,570,598.6,413295
2020-12-16,603.9,605,582.1,589.25,247564
2020-12-17,590.1,593.65,575,579.25,264510
2020-12-18,585,589.95,580.05,582.9,134920
2020-12-21,587.8,607,524.65,537.65,522868
2020-12-22,542,570,530.5,567.05,355945
2020-12-23,576,619.9,576,603.1,558430
2020-12-24,613,613.9,591,608.7,299282
2020-12-28,614.7,617,601.2,603.45,120241
2020-12-29,610,610,594,599.9,99763
2020-12-30,597.55,615.95,591.05,599.8,122988
2020-12-31,596,604.85,596,599.75,52514
2021-01-01,615,615,600,601,51155
2021-01-04,604.9,661.1,601.05,661.1,539222
2021-01-05,660,727.2,646.2,727.2,1016442
2021-01-06,738,756.9,696,715.2,663052
2021-01-07,735,747,720.1,726.5,202313
2021-01-08,740,740,717,720.55,109536
2021-01-11,725,785,708.9,753.7,510938
2021-01-12,753.9,765.5,741.15,744.9,155316
2021-01-13,753.9,757.65,691.05,715.6,255150
2021-01-14,724.8,733.6,699.25,701.75,159190
2021-01-15,705,714.95,697.1,704.65,80366
2021-01-18,712,712,642.2,682.05,142663
2021-01-19,685.05,710,685.05,697.9,65961
2021-01-20,697,712,686.45,690.95,92213
2021-01-21,696.7,698.85,680.1,685.4,85138
2021-01-22,687,687,661.1,670.55,94295
2021-01-25,676,676,627.25,638.25,134708
2021-01-27,637.5,671.45,623.4,638.75,182317
2021-01-28,634.15,656,624.85,642.75,69739
2021-01-29,650,664.55,643,651.1,76024
2021-02-01,646,668,632.6,655.9,81876
2021-02-02,660.95,675.95,633,639.15,126824
2021-02-03,644.9,664.9,641.1,655.35,104892
2021-02-04,675,684.9,640.7,644,163106
2021-02-05,653.7,664,630.05,639.35,120564
2021-02-08,645,649,634.8,640.45,208192
2021-02-09,648,653.95,628,633.35,117086
2021-02-10,643.85,643.85,623.2,626,70975
2021-02-11,626,645,620.95,636.2,82382
2021-02-12,640.55,645.2,624,626.7,57405
2021-02-15,620,629,611,614.6,140450
2021-02-16,615,620,580.55,590.8,190128
2021-02-17,585,605.5,582.25,589.7,142712
2021-02-18,591,598.7,581.2,583.95,74556
2021-02-19,584.95,591.5,562.25,569,131639
2021-02-22,574,578.95,557,560.35,61538
2021-02-23,556.45,646.75,556.45,627.35,673166
2021-02-24,635,645.45,608.05,619.8,177132
2021-02-25,625.25,627.7,603.25,608.3,98827
2021-02-26,600,601.05,580.65,584.95,108861
2021-03-01,585.1,591,570,581.65,96993
2021-03-02,585.65,611.95,585.65,592.3,107376
2021-03-03,598.55,615.95,595.3,597.9,72531
2021-03-04,594,608,590,591.1,65739
2021-03-05,591.1,595,580,585.3,56006
2021-03-08,585.3,594.9,574.05,581,64231
2021-03-09,576.3,587.5,563.1,571.1,54571
2021-03-10,574,587.6,570.9,577.2,66203
2021-03-12,583.7,614,577.25,593.5,175123
2021-03-15,599.7,599.7,583,589.75,64728
2021-03-16,594,621.7,590.45,608.45,366511
2021-03-17,611.65,618,595.1,596.9,110788
2021-03-18,601.9,604,570.05,588.9,106521
2021-03-19,575.35,585,555,578.7,111765
2021-03-22,584.55,585.2,568,578.8,72431
2021-03-23,571.8,587.65,571.8,576.4,45200
2021-03-24,576,582.85,565.65,570.8,62128
2021-03-25,571,576,525.1,541.8,167040
2021-03-26,541.1,556.5,511.7,528.95,326617
2021-03-30,529,551.6,529,545.9,77320
2021-03-31,547,564.8,525.1,529.55,71524
2021-04-01,533.8,594,533.05,570.5,341687
2021-04-05,563.5,578,553.3,567.1,204397
2021-04-06,574,577,554.4,558.2,73019
2021-04-07,563.55,590,560.05,575.55,224190
2021-04-08,582.6,607.3,570.3,587.55,406026
2021-04-09,592,603,583.05,586.3,133886
2021-04-12,580,582,542,544.8,119540
2021-04-13,546,567.35,543,555.65,172875
2021-04-15,550.55,558.95,518,524.15,219360
2021-04-16,525.1,534,500.1,503.8,381301
2021-04-19,499,499,459.3,495.35,497068
2021-04-20,501,518,499.6,507.6,163292
2021-04-22,511,511,494.05,500.5,82122
2021-04-23,504,524.15,497.35,505.35,117005
2021-04-26,512.7,523.05,498.5,500.4,117266
2021-04-27,504.4,508,498.1,500.25,56232
2021-04-28,507,512.35,488.1,490,149188
2021-04-29,495.7,498.4,474,485.85,157147
2021-04-30,483.6,490,478.65,485.5,90715
2021-05-03,482,497.3,474.25,492.6,163511
2021-05-04,497.4,531.7,496.5,514.35,289942
2021-05-05,521,524,507.5,514.85,81875
2021-05-06,518.95,518.95,495.1,504.15,291987
2021-05-07,508,518.95,506.65,510.05,135432
2021-05-10,512,522.95,510.05,516.55,112371
2021-05-11,514,525.1,510.05,519.1,122063
2021-05-12,521,524,514,515.65,65203
2021-05-14,521.7,523,505.7,516.45,99218
2021-05-17,510.25,540,509.8,525.9,232836
2021-05-18,528.2,564,528,559.15,256865
2021-05-19,565,577,547.7,561.1,134569
2021-05-20,565.6,569.75,550.95,553.4,81778
2021-05-21,558.95,568,556.05,565.75,82438
2021-05-24,572,580,544,552.05,134822
2021-05-25,550.9,579.9,550.9,572.8,230755
2021-05-26,526.5,608,525,557.55,822207
2021-05-27,558,585,544.95,562.7,398553
2021-05-28,569.9,579,559.8,564,117973
2021-05-31,562.15,569.9,551,554.35,78836
2021-06-01,550.3,562,530.15,533.15,129635
2021-06-02,534.75,559,533.15,550.25,154952
2021-06-03,557.65,569,550,557.25,120874
2021-06-04,561.7,565.75,552.55,556.6,94675
2021-06-07,560.9,564.3,551.2,552.65,84295
2021-06-08,555,562.45,542.25,552.65,92294
2021-06-09,555,559.8,540,541.8,101380
2021-06-10,545.95,549.55,542.25,546.15,38571
2021-06-11,549.9,561.95,546.5,559.45,115594
2021-06-14,563.8,567.6,540.5,552.65,76875
2021-06-15,555,555,542,545.25,81208
2021-06-16,549.25,557.7,541,543.05,90779
2021-06-17,535.05,548,534,535.8,77735
2021-06-18,545,545.8,519.3,526.5,78450
2021-06-21,518,531.15,517,524.95,50813
2021-06-22,528.8,560,528.8,549.6,169871
2021-06-23,535.1,646.6,535.1,634.75,2523324
2021-06-24,638,665.65,604,614.4,1048250
2021-06-25,619.3,640.3,611,623.9,379375
2021-06-28,623.1,627.15,591,599.05,247176
2021-06-29,605,629.9,605,615.3,425754
2021-06-30,622,626.35,605,608.45,141015
2021-07-01,611.85,612.85,595.2,597.6,102533
2021-07-02,601.8,636.75,600.45,626.85,428671
2021-07-05,631.6,656,631.15,636.25,303650
2021-07-06,639,651.3,619,622.35,173016
2021-07-07,620,645.1,617.25,627.7,118417
2021-07-08,627.5,633,615.5,617.95,82619
2021-07-09,618,626.95,616.25,618.2,57412
2021-07-12,618,626.95,615.7,617.15,63668
2021-07-13,617.7,624.45,615,616.4,51867
2021-07-14,617.5,635,617.1,621.75,125234
2021-07-15,626.9,675.95,621,649.15,969283
2021-07-16,650,687.25,650,667.25,702091
2021-07-19,666.9,682.5,655,663.65,194767
2021-07-20,670,673.75,627,636.9,207260
2021-07-22,644,649.8,621.25,627.2,192063
2021-07-23,632.85,640,621.05,627.3,124525
2021-07-26,633,646,625.25,641.4,179592
2021-07-27,650,657.75,625.65,635.55,139664
2021-07-28,635.2,640,610.65,621.25,135513
2021-07-29,531.35,579,531.35,549.45,706687
2021-07-30,548,549.7,516.55,531.85,415444
2021-08-02,532.25,541.15,521.75,524,194392
2021-08-03,533,533,515.1,519.8,196947
2021-08-04,525,525,515,517.05,132189
2021-08-05,518,527.85,515,516.65,148943
2021-08-06,520,523,515.8,517,61750
2021-08-09,517,519.55,482,499.5,216033
2021-08-10,502.4,506.9,486,488.3,118136
2021-08-11,491.15,492.45,468.05,487.4,130572
2021-08-12,488,496.5,473.9,479.3,241826
2021-08-13,484,486.95,470.05,473.65,241997
2021-08-16,474,480.3,470,471.65,86804
2021-08-17,473,490.3,450,466.3,246946
2021-08-18,479,499,470.25,490.2,254142
2021-08-20,490,501.9,449.2,461.05,307250
2021-08-23,461,464.85,430.95,445.65,313881
2021-08-24,446,479.95,445.3,475.1,139231
2021-08-25,479.75,485,470,476.45,64709
2021-08-26,479.55,483.1,444.05,447.9,270001
2021-08-27,446,456.95,446,451.45,84866
2021-08-30,458,465,452.45,458.35,64811
2021-08-31,455.55,466,451,453.05,99602
2021-09-01,457,484.35,451.8,455.75,375842
2021-09-02,459.9,468.25,453.9,462.75,102186
2021-09-03,461.1,472,454.35,461.1,91569
2021-09-06,464.8,485,460,474.7,213881
2021-09-07,476.5,481.4,461.3,464.15,64544
2021-09-08,464.15,467.8,458,459.75,74839
2021-09-09,462.8,466,454.65,461.15,60853
2021-09-13,463,469.2,458.05,461.8,105360
2021-09-14,465.5,466.95,458.15,462.1,80977
2021-09-15,466.45,526.7,463.1,509.75,1048793
2021-09-16,514.4,520,500.25,506.75,271138
2021-09-17,505.7,510,487.4,504.85,196487
2021-09-20,492.8,508.4,482.4,486.6,101708
2021-09-21,492.4,492.4,475.1,482.6,83394
2021-09-22,483.5,496.75,483.5,486.35,75037
2021-09-23,494,509.95,491.3,498.4,120368
2021-09-24,504.9,519,491.95,492.95,159804
2021-09-27,490.55,499,487.05,492.7,69356
2021-09-28,494.8,496.3,477,486.1,74597
2021-09-29,491,491,477.5,481.7,53837
2021-09-30,483.6,489.9,475.05,480.05,50422
2021-10-01,479.9,488.9,476.85,482.7,51354
2021-10-04,486.25,490.5,482,483.15,47074
2021-10-05,482,489.2,480.05,485,41551
2021-10-06,487,498,483,485.6,77992
2021-10-07,486,494.75,473,476.05,131638
2021-10-08,479.6,484.9,473,479,85558
2021-10-11,481,486.8,477.25,480.15,51885
2021-10-12,481,483.3,475.05,476.3,213131
2021-10-13,479.95,484.25,468.6,470.35,282525
2021-10-14,476.9,493.95,465,472.05,274631
2021-10-18,475.45,484,472.5,475,189571
2021-10-19,479.9,482.95,470.95,471.55,129953
2021-10-20,479.25,479.25,460.55,464.35,72932
2021-10-21,464.5,469.5,454,458.65,53041
2021-10-22,460.6,465.8,452.25,454.75,53770
2021-10-25,469,469,444.5,447,88061
2021-10-26,447.2,456.5,447.2,453.5,69982
2021-10-27,458,458,444,447.45,154734
2021-10-28,424,428,408.2,414.35,272666
2021-10-29,415,422.05,407.45,414.1,123515
2021-11-01,418.7,421.35,395.25,397.65,140618
2021-11-02,399.9,404.95,395.6,399.65,78238
2021-11-03,399.65,403.6,369.4,391.65,315510
2021-11-04,394.9,406,394.9,403.95,41243
2021-11-08,406,406.95,395,396.15,83084
2021-11-09,397,409.2,380,403.25,226288
2021-11-10,405,414.95,401.45,410.3,117308
2021-11-11,410.3,415.45,402.6,405.35,66969
2021-11-12,405.35,410.4,397.9,399.55,52757
2021-11-15,402,402,389.2,392.55,62362
2021-11-16,392.55,401.6,392,394,53017
2021-11-17,400,422.4,400,410.4,318397
2021-11-18,410,414,396.4,400.65,52513
2021-11-22,401,405.45,377,383.15,74381
2021-11-23,383.5,393.5,374.9,389,55953
2021-11-24,393,401.3,385,387.2,52198
2021-11-25,393,395,388.15,393.25,52656
2021-11-26,390,397.6,381,391.95,61388
2021-11-29,382,383.95,367,370.35,100341
2021-11-30,371.95,384.25,371.95,380.65,43772
2021-12-01,380.65,383,373.55,374.65,43975
2021-12-02,377.95,398,371.9,392,65757
2021-12-03,402,470.4,400,470.4,1251929
2021-12-06,485,507.7,465,475.05,1217766
2021-12-07,475,484.4,450,455.45,285414
2021-12-08,459,467.95,450.05,455.95,99671
2021-12-09,456,458.8,443.1,446.85,73620
2021-12-10,447.1,496,447.1,474.9,474220
2021-12-13,478,490,471.45,473.9,96439
2021-12-14,471.8,477.5,461,464.45,51635
2021-12-15,466,470.85,454,458.85,32285
2021-12-16,459.1,478.15,452.95,455.55,98952
2021-12-17,460,465.05,428.35,433.55,127087
2021-12-20,415.05,431.75,415,420.45,75684
2021-12-21,418.55,483.7,418.55,463,718511
2021-12-22,472.9,480,455,458.8,144204
2021-12-23,462.55,475,454,464.05,117055
2021-12-24,466,480,461,463.4,150196
2021-12-27,465,468,450,455.6,57525
2021-12-28,457.55,490.3,457.35,483,295285
2021-12-29,486,489.8,468,470.4,180055
2021-12-30,474,499.8,471.15,477.35,380694
2021-12-31,480,487.95,469.1,472.9,85807
2022-01-03,475,483.65,465.8,470.5,110124
2022-01-04,470.5,474,454.2,457.25,117331
2022-01-05,457.25,466,449,453.8,84409
2022-01-06,452,464.45,450,456.2,83474
2022-01-07,459.9,473.35,448,449.5,167171
2022-01-10,454.7,454.7,439.5,440.75,133384
2022-01-11,442,445.7,440,443.4,86370
2022-01-12,442,455,442,444.8,70894
2022-01-13,447.95,453.55,442.05,446.3,101175
2022-01-14,443.95,458.5,442,449.45,117872
2022-01-17,451,452.9,441.05,442.85,75400
2022-01-18,445.6,449.05,434.3,437.25,79117
2022-01-19,439.3,442.05,432.25,434.55,72302
2022-01-20,434.55,436.55,428,429.65,59377
2022-01-21,428.4,428.4,410,419.2,67775
2022-01-24,419.1,424.75,393.35,403,112888
2022-01-25,400,422.05,386,412.65,89493
2022-01-27,404.95,410.2,398.6,403.5,43309
2022-01-28,406.45,410.6,397.8,399.6,44643
2022-01-31,405.3,416.4,402.9,406.15,95377
2022-02-01,409,411,400.9,408.35,49561
2022-02-02,412.2,422.4,409.45,417.2,59199
2022-02-03,417,419.95,398,401.3,190245
2022-02-04,404.5,407.95,400.25,403.1,43533
2022-02-07,402.4,407.95,396,398.6,41523
2022-02-08,400.6,401.95,383.15,394.45,55264
2022-02-09,396.6,406.25,395.05,400.2,38385
2022-02-10,404,404,395.2,397.4,35596
2022-02-11,393,397,383.3,385.6,65009
2022-02-14,359,367.45,337.2,340.9,242308
2022-02-15,358,358,310.2,332.35,323252
2022-02-16,335,373.4,335,352.6,539419
2022-02-17,357.9,358.45,343.1,347.3,120272
2022-02-18,347.95,351.8,332.35,335.8,90736
2022-02-21,334.5,335,324,326.15,97269
2022-02-22,315,324.3,310,314.35,115026
2022-02-23,315,322.55,308,308.95,155279
2022-02-24,299,303.05,274.65,276.15,315935
2022-02-25,280.2,309.45,280.2,304.4,247180
2022-02-28,300,304.4,290,301.3,92459
2022-03-02,292,302.05,292,296.6,83343
2022-03-03,300,308.7,297,300.2,145736
2022-03-04,292.5,298,285,287.6,94005
2022-03-07,284,290.95,281.4,283.4,105345
2022-03-08,283.5,298,283.5,294.4,119067
2022-03-09,299,322.55,297.9,308,292175
2022-03-10,316,317,304.9,308.85,138744
2022-03-11,310,312.65,298,300.9,197458
2022-03-14,300,302.9,293.45,295.85,66789
2022-03-15,298,302.9,290,291.7,141570
2022-03-16,297.55,299.7,289,290.9,136612
2022-03-17,297,298.2,291.1,292.4,174545
2022-03-21,298.45,302,294.35,296.25,136596
2022-03-22,297,298.8,292.45,293.75,70643
2022-03-23,296,297.7,286,288.15,162573
2022-03-24,287,288.95,284.1,285.3,107869
2022-03-25,287.75,289.95,280.05,281.7,86742
2022-03-28,282.9,282.9,270,272.5,135134
2022-03-29,277.85,277.85,262,264.4,210421
2022-03-30,270.25,280,264,265.35,168584
2022-03-31,270,273,262.6,264.25,133736
2022-04-01,265,285,265,281.2,193135
2022-04-04,287.95,307.9,285,298.15,367550
2022-04-05,300.55,312.7,300,310.75,236104
2022-04-06,310,327,306.5,321.45,228751
2022-04-07,324.05,375,323.5,357.35,1221579
2022-04-08,364,371,357.2,363.15,380809
2022-04-11,363,367,350,352.1,117016
2022-04-12,350,350,331,337.35,105418
2022-04-13,337.35,354.4,337.35,346.55,89113
2022-04-18,343,344,323,327.65,123822
2022-04-19,333,342,317,323.8,95463
2022-04-20,321,334,321,328.65,46560
2022-04-21,332,336.95,325.1,330.35,54000
2022-04-22,325,330.9,321.3,324.25,62542
2022-04-25,316,328.75,315.2,320.7,68723
2022-04-26,325.9,339.45,321.85,328.65,67705
2022-04-27,325,325.95,317.6,321.65,29899
2022-04-28,321.75,326.5,310.5,315.2,46178
2022-04-29,317.9,321.8,308.05,310.55,52441
2022-05-02,305,306.8,298,302.65,60699
2022-05-04,304.9,307.95,285,289.9,68728
2022-05-05,293,305,287,290.45,44208
2022-05-06,285,290,271.5,285.75,69482
2022-05-09,285.3,288.75,276.95,283.75,53762
2022-05-10,285,289.65,252.8,259.35,160076
2022-05-11,266.4,271.8,238.25,245.15,195179
2022-05-12,240,251.5,233.15,242.05,110782
2022-05-13,242.75,253.95,242.75,248.45,75708
2022-05-16,250,255.15,242,244.3,66583
2022-05-17,265,279.2,251.35,269.05,160797
2022-05-18,270,273.75,265,266.35,81486
2022-05-19,258.7,266.1,241,247.5,243366
2022-05-20,252,272,249.35,267.05,157888
2022-05-23,260,268.2,253.55,255.6,118626
2022-05-24,254.7,257.75,240.75,244.7,229920
2022-05-25,244.7,247.9,232.25,236.25,82088
2022-05-26,242,242,222.55,233.05,102442
2022-05-27,233.2,250,233.2,239.35,87462
2022-05-30,243.2,254.8,243.2,252.05,96918
2022-05-31,255.7,255.7,246.35,252.35,54884
2022-06-01,254.3,260.2,252.35,257.25,59501
2022-06-02,257.5,261.45,254.75,258.3,29143
2022-06-03,260.95,269,255,257.35,73477
2022-06-06,255,259.2,250,254.7,30056
2022-06-07,251,255.4,249.6,251.1,26180
2022-06-08,252.9,253.45,246.85,248.1,16589
2022-06-09,246,249.95,241,244.05,78180
2022-06-10,242,242.8,230,237.85,80062
2022-06-13,231.15,235.85,226.25,228.1,36369
2022-06-14,228.8,232.65,222.95,224.8,48227
2022-06-15,228,269.75,225.05,269.75,730703
2022-06-16,288,307.9,281.4,291.4,3789688
2022-06-17,287,290.2,276.1,283.95,509393
2022-06-20,281,282.75,240.5,246.25,228499
2022-06-21,250,295.5,249.3,292.45,535842
2022-06-22,297,312.9,287.25,303.65,1495615
2022-06-23,298.05,310,291.05,294.6,268402
2022-06-24,298.1,309,286.5,293.75,190933
2022-06-27,298,302.7,293.5,296.05,88402
2022-06-28,294,304.05,292,294.55,81232
2022-06-29,292.9,297.15,284.3,286.4,79359
2022-06-30,287,294.3,276.55,280.8,50946
2022-07-01,283.35,284.2,270.5,277.3,72203
2022-07-04,278.6,291.05,275.85,282.85,107440
2022-07-05,284.6,287.95,274.8,277.05,76020
2022-07-06,277,287.4,272.75,278.4,80927
2022-07-07,280,287,273.4,278.55,75720
2022-07-08,280.65,298.45,279.8,287.1,202731
2022-07-11,286.6,294.5,282.95,289.3,93207
2022-07-12,286,296.25,284.8,287.15,171727
2022-07-13,289,289.2,273,275.65,117715
2022-07-14,277.75,280,268.5,277.6,70335
2022-07-15,278,286.35,278,281.1,72324
2022-07-18,282,290,278.05,284.35,129802
2022-07-19,283.9,289,282.6,284.05,39799
2022-07-20,286.6,336.2,286.05,315.25,1911177
2022-07-21,313.8,321.95,308.1,310.1,467071
2022-07-22,311.1,318.8,306.25,310.35,212092
2022-07-25,311.4,316.65,303.5,310.55,260784
2022-07-26,311.9,314.65,269.25,276.15,916486
2022-07-27,276.25,283.6,271.85,277.5,212842
2022-07-28,279,282.15,276.05,278.9,136702
2022-07-29,281,282.6,276.45,278.15,90937
2022-08-01,279,284.45,276.6,281.45,108991
2022-08-02,281.45,286,278.5,283.45,84952
2022-08-03,285,285,276,277.95,79757
2022-08-04,276,282,273.25,276.2,95927
2022-08-05,273.35,277.4,273.35,274.35,75529
2022-08-08,276.85,279,273.1,275.85,66185
2022-08-10,277,278.7,270.35,271.55,46376
2022-08-11,275,277.65,271.2,273.15,54717
2022-08-12,275.6,275.6,267.2,268.6,65249
2022-08-16,270,271.25,259.3,262.35,112929
2022-08-17,264.6,269.95,261.5,266.6,102753
2022-08-18,268.9,284.5,266.6,279.15,253904
2022-08-19,279.15,284,276,278.65,90729
2022-08-22,275,279.8,267.55,269.4,53302
2022-08-23,265.05,279,265.05,271.7,166363
2022-08-24,270.5,284,270.5,280.15,102057
2022-08-25,282.5,289,278,281.85,132223
2022-08-26,283.7,287.5,282,284.95,97790
2022-08-29,277.95,298,273.35,288.85,231706
2022-08-30,292.05,295.5,290.8,292.4,86051
2022-09-01,291.4,299.9,286.6,292.65,64643
2022-09-02,300,313.2,292.3,294.25,503886
2022-09-05,297.25,305.2,294.2,296.1,146092
2022-09-06,298,301.6,291.75,293.7,96912
2022-09-07,292.65,300.5,291.2,297.25,113993
2022-09-08,299.7,305,297.65,298.85,130580
2022-09-09,301.7,301.7,291.95,294.4,75011
2022-09-12,296.3,304.75,295.8,297.2,151006
2022-09-13,298,307.65,298,299.75,159347
2022-09-14,292,298.7,289.3,290.65,122229
2022-09-15,292.4,293.85,281.1,282.2,147273
2022-09-16,282.15,283.75,271.5,274,84251
2022-09-19,274.95,279.15,271.7,275.65,77117
2022-09-20,276.3,283.5,276.3,279.15,51064
2022-09-21,279.15,283.55,271.65,273.3,68052
2022-09-22,270.5,287,270.5,282.35,121220
2022-09-23,283,283.5,269.25,271.75,88725
2022-09-26,271.9,271.9,260,261.15,73690
2022-09-27,264,279,258.5,263.55,60534
2022-09-28,260.2,264.5,258,259.65,34332
2022-09-29,261.55,266.6,260,260.55,27508
2022-09-30,263,264,257,263,30935
2022-10-03,260.6,264.8,254.2,256.75,58938
2022-10-04,264,268,259.7,261.95,59022
2022-10-06,264.95,272.1,262.8,263.85,91370
2022-10-07,265,270.8,261.05,267.55,75271
2022-10-10,262.5,270,261,267.35,42603
2022-10-11,268.7,270.15,261.05,262,28298
2022-10-12,263.7,265,255.85,260.65,35440
2022-10-13,260.3,263.55,255.8,257.8,26513
2022-10-14,260.5,270,256.75,258.15,63816
2022-10-17,257.5,262,253.8,255.4,43322
2022-10-18,256.95,258.9,254.2,256.45,47708
2022-10-19,256.45,261.9,255,255.95,30467
2022-10-20,254,260.8,253.8,256.5,82954
2022-10-21,257,262.25,252.6,253.5,53322
2022-10-24,256.85,258.35,255.05,256.85,10951
2022-10-25,256.8,264.3,255.55,260.3,27091
2022-10-27,260.8,261.95,253.2,254.05,34690
2022-10-28,254.2,255.05,250,251.8,39806
2022-10-31,251.8,253.9,244,245.5,79441
2022-11-01,245.6,254.8,245.6,253.55,49334
2022-11-02,253.55,255,249.75,250.9,32630
2022-11-03,250,253.9,242.55,243.9,65490
2022-11-04,245,253.25,245,249.5,39604
2022-11-07,250.1,255,235,251.9,250587
2022-11-09,251,251,240,241.4,108307
2022-11-10,244.8,244.8,236.1,236.75,34015
2022-11-11,239.45,246.35,237.05,239.8,78562
2022-11-14,239.85,241,236,237,34636
2022-11-15,237,238.35,234.75,235.75,32028
2022-11-16,234,240.25,234,236.75,30321
2022-11-17,237.2,239.45,231.7,233.4,31510
2022-11-18,233.4,235.85,227.15,228.65,42115
2022-11-21,228.6,231.2,225.4,227.1,26829
2022-11-22,227.1,228.45,225.95,226.85,19969
2022-11-23,228.85,245,227.4,240,127445
2022-11-24,240,245.95,237.85,238.65,55490
2022-11-25,237.6,243,237.6,239.75,36863
2022-11-28,240,283.45,240,278.65,1191357
2022-11-29,276.8,279.8,262.8,266.75,203332
2022-11-30,267.5,268.35,258.1,262.3,112358
2022-12-01,264,286.9,264,277.2,578919
2022-12-02,278.45,282,270.9,272.75,112249
2022-12-05,273.7,275.75,267.35,271.05,35624
2022-12-06,271.85,274.9,263.1,266.6,46127
2022-12-07,266.55,269,258,260.85,40055
2022-12-08,261.9,276.9,261.05,265.4,91308
2022-12-09,266,270.8,261,262.7,42210
2022-12-12,263.45,268.2,260.3,265.55,28924
2022-12-13,267.55,269.5,262.05,263.2,29504
2022-12-14,263.2,278,263.2,273.35,125764
2022-12-15,273.2,278,264.3,266.3,73804
2022-12-16,262.35,267.15,260.25,261.35,40577
2022-12-19,262.6,263.75,252.05,253.55,59482
2022-12-20,259,274,253.7,270.1,368652
2022-12-21,271.8,272.4,260.05,261.6,112611
2022-12-22,265,265,249.2,261.35,234660
2022-12-23,253,259.4,248,249.05,104476
2022-12-26,251.8,255,246.4,250.45,44217
2022-12-27,254,257.25,252.4,255.2,34234
2022-12-28,256.7,257.75,252.35,253.5,27317
2022-12-29,251.1,259.55,251.1,255.85,59776
2022-12-30,258.3,260.45,251.1,253.7,43352
2023-01-02,255.25,258,250.05,254.4,51681
2023-01-03,253.25,258,252.05,252.65,32043
2023-01-04,253.6,255,250,251.85,47427
2023-01-05,252.1,254.15,245.75,248.6,44212
2023-01-06,246.1,248.3,241.75,243.2,37514
2023-01-09,248,248.2,242.25,244.35,43748
2023-01-10,246.8,247.95,242.25,243.75,24822
2023-01-11,243.9,247.85,242.95,244.05,22039
2023-01-12,244.05,247.65,242.7,245.05,28113
2023-01-13,245.05,264.8,243.3,248.35,424900
2023-01-16,249.35,249.55,245.3,245.7,40089
2023-01-17,246.4,246.4,242.45,243,36419
2023-01-18,243.95,245.8,241.1,243.15,24354
2023-01-19,241.9,244.2,240,240.75,35968
2023-01-20,240.75,241.85,235.75,236.45,42739
2023-01-23,239.4,243.05,235.8,239.3,44595
2023-01-24,240.9,246.95,240.4,242.6,70171
2023-01-25,241,244.4,238.9,241.55,28145
2023-01-27,243,244.05,235.05,236.4,35729
2023-01-30,236,241.95,234.5,236.2,32527
2023-01-31,236.2,241,235,239.1,45229
2023-02-01,242,248.7,232.4,234.5,134378
2023-02-02,234.3,248.8,233.85,238.6,142295
2023-02-03,242.7,243,232.55,236.1,59028
2023-02-06,237,241.35,232.75,234.65,46130
2023-02-07,234.65,238.9,232.05,234.4,62557
2023-02-08,236,237.05,230,234.05,70793
2023-02-09,234.3,244.45,234.05,239.05,82070
2023-02-10,238.1,243,235.55,236.6,43018
2023-02-13,236.6,237.85,231.35,232.95,24135
2023-02-14,233.1,236.25,226,227.25,57189
2023-02-15,227.95,227.95,207.5,208.85,318079
2023-02-16,214.5,224.6,214,217.6,430157
2023-02-17,220.8,222.85,215.1,216.5,74946
2023-02-20,217.5,218.05,213.4,215.25,43781
2023-02-21,216.3,233.3,215,225.65,226678
2023-02-22,224.9,227.95,221.1,223.15,101632
2023-02-23,223.8,227.3,222,223.75,47238
2023-02-24,223.05,225.5,217.3,220.6,50872
2023-02-27,218.4,220.55,213.15,214.2,35231
2023-02-28,213.5,217.7,212.05,213.8,39058
2023-03-01,214,222,214,220.85,141137
2023-03-02,221.3,241.9,216.85,235.9,501036
2023-03-03,237.7,245.4,236.4,239.75,282700
2023-03-06,241.7,244.55,238,238.85,86303
2023-03-08,238.5,239.45,233.3,237.05,57456
2023-03-09,239.4,244.95,235.5,239.4,155482
2023-03-10,237.1,239.55,233.05,233.45,51989
2023-03-13,233.05,233.45,220.75,222.5,79769
2023-03-14,222.5,224,217.15,219.55,60188
2023-03-15,222.85,223.75,214,215.9,55753
2023-03-16,214.9,218,212.2,214.85,54158
2023-03-17,216.2,220,213.25,215.2,56838
2023-03-20,215.45,215.45,209.1,210.9,60136
2023-03-21,212.2,213.65,207.6,208.1,65099
2023-03-22,208.65,212.4,208.65,210.4,48178
2023-03-23,209.9,211.95,208.7,210.6,47092
2023-03-24,214.95,218.25,205.35,207.55,241179
2023-03-27,208.8,208.8,202,203.25,47343
2023-03-28,203.2,204.95,195.3,196.35,52964
2023-03-29,196,202.1,190.1,193.85,123464
2023-03-31,195.9,200.9,188.6,191.05,125633
2023-04-03,191,199.9,190.8,196.9,105313
2023-04-05,198,205.9,198,203.25,71637
2023-04-06,203,216.6,201.4,214.7,122518
2023-04-10,212.1,229,212.1,225.05,172471
2023-04-11,225.05,228.15,219.2,221.4,129018
2023-04-12,220,227,218.1,223.45,80517
2023-04-13,224.95,224.95,216.6,219.2,39376
2023-04-17,215.9,218.85,215.45,217.55,36051
2023-04-18,213.25,228,213,218.15,203887
2023-04-19,220.7,221.7,215.05,216.45,47471
2023-04-20,215.1,226.5,215.1,221.7,66433
2023-04-21,223.25,223.25,215.3,220.15,44035
2023-04-24,216.85,226,216.35,224.25,55624
2023-04-25,222.05,226.95,219.15,220.55,63002
2023-04-26,217.25,231.45,217.25,222.7,97586
2023-04-27,224.85,229,220.25,222.2,76233
2023-04-28,224.35,229.95,222,225.5,102610
2023-05-02,226.15,232.05,226.15,228.3,55149
2023-05-03,228.3,234.9,225,226.25,77441
2023-05-04,226,232,225.7,228.7,55707
2023-05-05,227,230.8,223.05,225.55,29894
2023-05-08,225.1,229.8,222.75,226.05,72429
2023-05-09,226.05,232,224,225.75,89540
2023-05-10,227,229.5,224.2,225.2,44866
2023-05-11,224,229.95,224,227.25,91973
2023-05-12,227.25,236.45,224.95,234.1,97449
2023-05-15,234.1,243.5,229.35,231.95,276805
2023-05-16,234,234.5,222.7,226.05,88921
2023-05-17,227,231.6,209.3,217.45,357472
2023-05-18,217.05,234.2,216.95,219.55,391830
2023-05-19,219,231.25,219,229.5,193343
2023-05-22,226,229.05,223,223.8,90837
2023-05-23,224.65,234,223.15,225.65,131852
2023-05-24,225.7,229.05,224.1,227,37827
2023-05-25,226.25,227.55,218,219.1,79598
2023-05-26,220.85,222.25,218,219.8,83883
2023-05-29,221.55,226.75,220.95,222.4,73885
2023-05-30,220.4,223.45,220,220.7,30705
2023-05-31,220.7,221.4,216,217.25,56409
2023-06-01,218.5,224.25,218.3,221.6,73097
2023-06-02,222,228,220.7,223,107716
2023-06-05,227.5,235,223.8,225.7,225169
2023-06-06,226.1,231,224.85,228.3,67114
2023-06-07,229,230.7,226.95,227.9,49428
2023-06-08,229.3,229.4,225.8,226.6,37120
2023-06-09,226.7,238.6,224.95,235.85,186498
2023-06-12,238,268,234,261.75,860551
2023-06-13,265,272.4,260,261.4,741149
2023-06-14,262,262.9,253.75,256,160659
2023-06-15,256.5,263,256.2,258.95,160049
2023-06-16,259,262.05,250.4,254.25,71393
2023-06-19,254,258.95,252.75,257.3,129999
2023-06-20,255,266.3,255,263.4,183228
2023-06-21,264.5,269.4,258.2,260.2,111500
2023-06-22,261.7,265.85,252,255.05,116527
2023-06-23,253.1,256.95,246,248.05,117347
2023-06-26,245.7,251.6,245,246.45,48512
2023-06-27,247.5,258.9,247.45,256.5,175635
2023-06-28,259.05,259.05,252,253.05,51904
2023-06-30,253.35,263.45,253.05,255.25,139881
2023-07-03,255.15,270,252.55,261.7,279417
2023-07-04,262.1,270,259.85,263.6,214209
2023-07-05,264.95,266,257.4,258.9,105955
2023-07-06,259.9,265.15,255.1,256,105647
2023-07-07,254,257.95,250.2,250.85,111390
2023-07-10,252,256,250.4,253.6,61805
2023-07-11,255,257.55,250.1,251.7,48078
2023-07-12,252.95,255.5,248.1,249.45,56656
2023-07-13,251,263,248,250.05,134194
2023-07-14,251,259.3,251,258,141550
2023-07-17,259.7,284.7,259.4,272.2,880479
2023-07-18,272.95,275,260,261.6,248044
2023-07-19,262.9,277.45,261.1,273.75,311717
2023-07-20,274,275,265.35,266.8,130099
2023-07-21,264.05,265.4,259.95,261.3,103027
2023-07-24,262,272,258.1,265.1,227563
2023-07-25,266.2,271.9,253.05,254.6,192607
2023-07-26,256.5,258.95,253,255.35,94768
2023-07-27,255.1,260,254.7,257.05,69177
2023-07-28,258.25,262.95,256.05,259.6,89345
2023-07-31,260.9,280,259.65,274.65,330469
2023-08-01,274,277.25,273.1,275.35,125971
2023-08-02,276,285.95,272.05,280.1,286517
2023-08-03,281,305,280.8,294.5,1219080
2023-08-04,294.5,305.7,289.05,298.15,529923
2023-08-07,300,307.95,292.05,294,312284
2023-08-08,282.5,289,274,279.15,416418
2023-08-09,279.15,296.6,276.5,290.8,418697
2023-08-10,292,293.8,283.25,284.3,125206
2023-08-11,285.8,286.2,272.6,274.95,275454
2023-08-14,273.85,279.05,264.3,265.7,322292
2023-08-16,265.7,280,265.1,277.65,241877
2023-08-17,278.15,284.35,275.05,282.75,118985
2023-08-18,280.25,294.7,280.25,288.05,194749
2023-08-21,288.05,289.45,282,285.85,79430
2023-08-22,284.1,293.1,284.1,290.5,152775
2023-08-23,291.1,297,291.1,294.55,185076
2023-08-24,296.55,296.65,284.35,286.15,95697
2023-08-25,285.4,289.55,276.8,284.7,81310
2023-08-28,284,287.85,277.5,279.1,56895
2023-08-29,280.25,288,280.25,283.35,69012
2023-08-30,283.5,288.8,281.3,282.65,51801
2023-08-31,282.95,286.4,277.9,281.9,56371
2023-09-01,283.7,287.9,281.2,285.15,72705
2023-09-04,285,294.25,277.75,279.6,205981
2023-09-05,271.95,283,271.65,276.7,200118
2023-09-06,276.9,284.1,276.9,279.75,78795
2023-09-07,281.9,288,279.05,281.25,103638
2023-09-08,282.55,283.45,277.65,280.15,72962
2023-09-11,281.6,287.9,281.05,284.05,99540
2023-09-12,285,287.25,270,272,142881
2023-09-13,272,277.4,268.8,276.05,62884
2023-09-14,277.7,281.25,275.9,277.3,42812
2023-09-15,279.5,283.7,272.65,274.2,96970
2023-09-18,277.5,324.65,276.5,313.4,2657436
2023-09-20,307.85,317.8,304.5,310.85,648622
2023-09-21,310.85,325,309.55,316.5,574016
2023-09-22,313.15,333,313.15,317.85,894384
2023-09-25,317.8,329.25,315.05,317.55,277711
2023-09-26,317.6,320.7,306.3,308.7,164470
2023-09-27,309.85,328.45,308.6,323.8,405506
2023-09-28,325.6,334.8,324.3,330.2,448451
2023-09-29,329.8,335.9,328.2,330.5,191821
2023-10-03,327.2,327.9,314.1,316.05,134062
2023-10-04,316.05,316.9,300,309.8,201847
2023-10-05,315.9,315.9,306,307.85,87940
2023-10-06,309,318,308.15,309.65,154571
2023-10-09,301.7,306.35,300,302.5,74996
2023-10-10,304.75,309.6,303,308.1,55034
2023-10-11,308.85,314.15,305.45,307.25,66573
2023-10-12,308.95,311.85,302,305.35,74147
2023-10-13,302.95,306.2,296.4,296.85,95435
2023-10-16,298,308.15,292.2,298.15,89142
2023-10-17,299.65,303.45,297.3,299.1,62114
2023-10-18,299.25,306.2,293.2,293.75,63519
2023-10-19,292.75,303.7,288.85,296.6,88412
2023-10-20,298,299.3,290.05,291.1,51102
2023-10-23,292.6,294.8,262.25,266.75,127911
2023-10-25,267.45,274.95,259.05,264.1,71461
2023-10-26,260.5,263.05,248.4,257,99839
2023-10-27,258.75,271.35,258,264.85,66021
2023-10-30,266.35,282.05,261.3,276.8,174017
2023-10-31,274,274,254.6,257.3,396398
2023-11-01,260,262.65,256.3,260,90633
2023-11-02,263.95,265.95,258.2,259.75,50764
2023-11-03,258.05,263.7,258.05,261.65,61395
2023-11-06,264.5,264.5,260.2,261.75,58425
2023-11-07,262.95,268.5,261.85,265.3,67457
2023-11-08,265.9,269.8,263.55,267.5,116454
2023-11-09,267.5,269.2,264,264.9,25632
2023-11-10,264.8,267.8,260.5,265.75,47694
2023-11-12,267.95,268.55,265.2,266.8,8011
2023-11-13,265.05,270,264,264.4,24961
2023-11-15,267.95,270.5,265.1,266.45,43592
2023-11-16,266.95,281.9,262.45,278.4,216184
2023-11-17,278.4,279.7,274,276.95,43451
2023-11-20,277.1,284,276,277.15,91590
2023-11-21,278.5,280,273.15,276.05,34105
2023-11-22,276,278.95,269.5,273.95,78861
2023-11-23,275.6,277.35,268.3,270.85,41354
2023-11-24,269.2,282.95,269.2,280.45,89167
2023-11-28,279.95,280.45,273.55,276.15,36139
2023-11-29,278.65,293.15,276.15,281.65,285204
2023-11-30,283.8,289,280.8,282.95,132091
2023-12-01,284.95,292.45,278,279.7,70256
2023-12-04,280.4,289,278.9,280.3,46611
2023-12-05,281.4,284.3,276.1,279.45,45812
2023-12-06,283.65,283.7,276.85,277.45,39273
2023-12-07,278.9,291,278.1,283.95,141091
2023-12-08,287.95,287.95,275.9,281.2,81176
2023-12-11,282.6,284.95,280.5,281.9,49961
2023-12-12,282,287.2,281,282.3,84758
2023-12-13,282.5,287.05,281.25,283.35,65808
2023-12-14,284,294.5,284,285.9,152294
2023-12-15,288.95,296,286.4,291.05,207548
2023-12-18,292.05,302.05,290,296.35,165773
2023-12-19,295,301.8,291.8,294.45,91787
2023-12-20,296.3,298.85,268,285.3,162018
2023-12-21,280.2,306.3,280.2,302.2,324953
2023-12-22,301.95,309,297.2,301.3,113938
2023-12-26,301.6,305.65,296.05,298.75,85917
2023-12-27,300.45,305,295.2,298.1,69031
2023-12-28,300,300.5,291.05,291.6,48853
2023-12-29,291.6,296.7,288.05,291.3,37188
2024-01-01,292.2,303.55,292.2,295.25,88238
2024-01-02,295.25,301.4,290.05,292.05,71871
2024-01-03,292.05,292.95,287.05,289.65,52874
2024-01-04,290.5,314.95,289.4,306.1,311502
2024-01-05,306.15,314,303.1,309.95,213544
2024-01-08,312.25,323.7,308.05,318.15,296391
2024-01-09,320.45,327.4,312.05,317.4,185273
2024-01-10,318,324.95,314.05,315.9,135983
2024-01-11,317.55,345.65,315,334,731307
2024-01-12,340,346.7,322.25,328.7,479428
2024-01-15,331.05,333.95,316.05,318.3,155561
2024-01-16,319.9,322.95,302.6,307.15,140949
2024-01-17,303.55,322.8,301.15,310.8,171187
2024-01-18,305.15,316.35,303,312.65,95990
2024-01-19,314,328.7,312.5,323.35,215288
2024-01-20,325.9,325.9,316.05,318.1,59644
2024-01-23,319.05,323.3,303,304.9,130874
2024-01-24,305.9,313.5,304.95,312.5,74940
2024-01-25,307,313.95,303.85,307.1,50503
2024-01-29,308.9,334,308.9,328.8,213939
2024-01-30,329.65,336.6,319.3,323.05,126745
2024-01-31,323,334.95,318.8,330.95,82282
2024-02-01,330.15,343.8,327.45,335,166688
2024-02-02,340,350.05,336.05,339.85,261342
2024-02-05,344.95,344.95,332.55,341.5,139883
2024-02-06,341.5,356.8,341.1,344.4,341967
2024-02-07,349.95,357,312.65,320.45,459675
2024-02-08,324,324,310,313.3,151258
2024-02-09,313.95,313.95,293.3,303,145187
2024-02-12,300,301.95,285.1,288.2,110864
2024-02-13,288.2,296,280.45,293.85,82284
2024-02-14,287.1,301,287.1,299.1,60371
2024-02-15,301.45,319.95,301.1,310.95,120632
2024-02-16,313.4,319.95,304.5,306.8,54708
2024-02-19,307.1,313.95,306.3,308.95,36480
2024-02-20,310.3,314.6,304.05,305.15,53612
2024-02-21,305.15,307,301,301.9,39573
2024-02-22,301.95,305.95,299,304.05,43880
2024-02-23,304.1,312.7,301.55,308.05,47821
2024-02-26,304.55,313.45,302.4,310.05,37384
2024-02-27,310.05,313.65,302.05,306.6,55076
2024-02-28,304.55,329.95,299,307.4,350051
2024-02-29,305.9,336.45,302.1,315.45,783837
2024-03-01,318.95,327.7,315.9,319.1,137920
2024-03-02,320.9,327,320.35,322.05,14938
2024-03-04,322.25,336.8,321.55,331,252441
2024-03-05,330.75,330.75,318.3,323.35,80855
2024-03-06,323,323,307.35,313.8,82969
2024-03-07,310.7,317.65,310.7,315.3,44967
2024-03-11,312.5,314.5,301,302.4,54220
2024-03-12,305.8,306.1,287.05,289.45,77562
2024-03-13,286.55,292.2,263.15,266.9,136669
2024-03-14,270.9,285,266.3,281.2,55815
2024-03-15,284.9,284.9,274.35,280.2,50388
2024-03-18,280.9,283.35,277.25,280,23510
2024-03-19,280,283.3,275.35,281.4,35875
2024-03-20,281.45,285.95,271.15,279.1,34711
2024-03-21,281.1,285.45,278.05,279.05,37738
2024-03-22,279,282.4,274.85,280.45,34333
2024-03-26,280.65,283.95,271.35,273.7,108634
2024-03-27,275.9,278.55,265.35,269.45,141199
2024-03-28,270.5,271.65,262.5,264.75,62775
2024-04-01,264.75,278,264.75,275.45,52351
2024-04-02,276.05,285.55,275.05,283.5,71455
2024-04-03,283.5,293,280.9,289,88198
2024-04-04,289.9,290,284.1,287.95,33287
2024-04-05,287.95,294.95,285.5,293.25,49652
2024-04-08,294.95,298.15,289.15,291.3,43173
2024-04-09,293,293.25,282.05,284.1,38251
2024-04-10,309,340.9,305,340.9,1604912
2024-04-12,353.45,407,350.05,396.35,10150099
2024-04-15,384.95,418,363.1,406.35,3473704
2024-04-16,398,404.9,380,385.25,696236
2024-04-18,386.5,449.8,385.55,423.2,2321747
2024-04-19,415,444,403,414.7,720274
2024-04-22,421,425.45,401,402.5,239057
2024-04-23,397,397.15,382.4,382.4,60975
2024-04-24,366,380,363.3,378.65,160028
2024-04-25,376.65,385,362.05,365.1,70653
2024-04-26,373.4,377,365.2,372.1,47879
2024-04-29,371.95,371.95,353.6,362.15,38112
2024-04-30,361.95,364.9,356,357.25,43593
2024-05-02,358.5,375.1,342.6,375.1,82200
2024-05-03,380,389.8,375.55,377.2,63952
2024-05-06,379.65,379.65,361,364.85,44500
2024-05-07,364.5,374.7,360,362.1,69174
2024-05-08,362.5,378.5,362.5,371.4,42693
2024-05-09,370.5,373.5,357,359.35,31163
2024-05-10,360,365,356,363.15,17245
2024-05-13,364.95,364.95,350,355.55,17625
2024-05-14,355.5,364,354.45,359.5,18211
2024-05-15,362.95,370,359.6,362.9,27556
2024-05-16,358.1,372,358.1,367.7,16273
2024-05-17,367.7,368.5,361,363.2,12828
2024-05-18,365,370.5,360,363.05,10758
2024-05-21,367.95,378,362.5,375.85,45650
2024-05-22,379,390,364,368.9,52536
2024-05-23,368.5,375.3,363.6,374.25,37551
2024-05-24,374,374,360,362.25,31412
2024-05-27,357.55,360.35,351,354.2,24411
2024-05-28,358.9,359,336.5,338.2,51499
2024-05-29,322.7,336.4,321.3,324.55,48879
2024-05-30,324.9,333,321.3,328.85,23490
2024-05-31,325.1,331.45,316.4,318.95,33598
2024-06-03,315.3,325,303,304.8,108890
2024-06-04,304,304,289.6,296.4,74944
2024-06-05,295.85,298.5,281.6,295.75,38809
2024-06-06,298.45,310.5,298.45,310.5,29431
2024-06-07,320,326,312.8,320.8,44342
2024-06-10,325.45,325.45,315.5,320,27360
2024-06-11,319.95,336,317.15,329.75,38501
2024-06-12,329.75,340,321.1,328.3,46284
2024-06-13,332.65,335,326.25,331.4,12029
2024-06-14,331.4,335,325,332,24934
2024-06-18,332,336,320.05,329.35,24866
2024-06-19,328.95,328.95,321.15,323.35,13633
2024-06-20,323,336,323,332.15,28689
2024-06-21,338,344,329,337.5,33689
2024-06-24,340,340,330.65,333.95,13608
2024-06-25,330.55,340,327.5,332.05,26691
2024-06-26,328.5,332.85,324,325.65,16681
2024-06-27,325.05,330.45,316,318.15,17495
2024-06-28,318.15,333.5,317,326.3,31411
2024-07-01,329.75,342.6,322.3,342.6,64320
2024-07-02,351,359.7,351,359.7,62118
2024-07-03,360,370,358.5,364.1,76503
2024-07-04,365,370.5,351.05,354,29464
2024-07-05,353.8,355,339,350.3,31865
2024-07-08,354.5,363.6,343.85,359.65,35670
2024-07-09,358.85,369.75,347.15,360.75,24320
2024-07-10,361.95,361.95,349,352.55,37846
2024-07-11,358,358,342,348.45,22010
2024-07-12,348.55,362,348.55,358.95,34683
2024-07-15,359.95,366.15,348.25,364.8,42203
2024-07-16,364.4,383,360,379.65,164978
2024-07-18,385.95,394,378,380.9,113864
2024-07-19,385,385.05,366,366.95,73806
2024-07-22,362,379.5,360.45,363.25,58974
2024-07-23,364.75,370.95,355,360.4,52574
2024-07-24,358,378.4,357.25,378.4,78710
2024-07-25,377.05,396.9,359.5,375.3,186971
2024-07-26,375.3,393,372.05,380.5,63889
2024-07-29,389,389,365.05,368.25,59717
2024-07-30,369.7,382,368.25,375.3,44735
2024-07-31,376.45,383.7,372.3,377.55,42667
2024-08-01,384.45,384.45,361.15,364.5,44443
2024-08-02,362,367.95,355.8,357.3,38493
2024-08-05,348.95,350.2,339.45,340.55,47282
2024-08-06,341,348.45,326.3,332.75,39010
2024-08-07,338.5,366,333.55,366,96078
2024-08-08,379.9,402.6,368.1,383.85,673803
2024-08-09,383.7,396.6,380.5,391.25,148662
2024-08-12,388.55,403.35,376.2,391.45,127382
2024-08-13,392.95,408,382,385.1,106921
2024-08-14,387.2,394.9,368.3,372.9,100416
2024-08-16,380.5,397,369.75,393.2,102684
2024-08-19,395.95,424.7,395.2,412.8,181151
2024-08-20,414.75,414.95,403.8,411.7,48345
2024-08-21,409,429,409,415.35,75468
2024-08-22,420.85,420.85,400.1,403.25,62096
2024-08-23,408.5,410.5,391.05,396.15,44234
2024-08-26,393.65,408.6,390.6,394.45,52672
2024-08-27,395.3,407,395,403.95,47940
2024-08-28,405.3,421.1,400,404.5,89535
2024-08-29,405.25,409.2,389.15,396,55499
2024-08-30,398.05,417.35,394,406.3,45492
2024-09-02,407.95,408.55,397.55,402.15,31624
2024-09-03,404.1,441.5,404.1,423,465093
2024-09-04,420.8,452,413.5,447.55,385688
2024-09-05,450,452.95,425.5,428.4,210007
2024-09-06,431.75,441,425,426.95,110267
2024-09-09,427.25,428.55,415.9,421.45,46252
2024-09-10,423.25,434.75,423.25,429.5,59667
2024-09-11,455,455,430.35,434.9,440109
2024-09-12,438.3,440.5,431.1,431.8,47108
2024-09-13,431.1,437.45,418.6,425.6,67717
2024-09-16,431.5,432.4,418.5,423.05,45472
2024-09-17,420.5,423.9,398.6,407.7,85974
2024-09-18,407.15,413.95,395.1,400.45,47166
2024-09-19,405.5,409,386,394,52793
2024-09-20,394.5,400.5,391,393.85,24645
2024-09-23,400.7,416,391.6,411.2,48222
2024-09-24,412.15,424.45,401.2,407.1,48561
2024-09-25,403.7,416,400.5,413.65,69695
2024-09-26,413.65,414.1,401.2,404.6,27686
2024-09-27,405.6,415.3,402.05,403.75,36223
2024-09-30,401,409.8,391,396.05,35850
2024-10-01,396,407,388.95,391.9,45421
2024-10-03,387,395,386,390.45,30971
2024-10-04,386.5,397,380.1,386.2,35523
2024-10-07,387.2,389,361.25,377.15,71721
2024-10-08,373.5,390,373.5,388.9,25530
2024-10-09,394.75,397.5,390.55,392.9,26135
2024-10-10,394.7,406.8,387.15,391.75,27433
2024-10-11,389.95,403.3,389.95,398.8,13304
2024-10-14,403.5,403.5,394,396.85,49236
2024-10-15,398.55,427.6,392.8,421.75,120842
2024-10-16,421.75,434.8,414.7,417.55,85667
2024-10-17,413,423.65,401.3,405.85,50800
2024-10-18,404.35,412.5,398.65,407,29583
2024-10-21,407,408.4,391.1,393.45,35725
2024-10-22,395.25,408.25,373.05,377.8,58343
2024-10-23,376.5,398.8,372.9,390.8,41845
2024-10-24,386.25,404,383.65,400.4,45309
2024-10-25,401.4,401.55,378.5,382.45,53254
2024-10-28,385.25,388.5,374.05,376.85,34704
2024-10-29,376.5,390.2,376.5,384.85,35559
2024-10-30,382.7,396.5,382.7,393.3,32222
2024-10-31,393.3,399.2,386.3,392.9,26009
2024-11-01,392.7,405,387,393.9,8937
2024-11-04,398.7,398.7,387,387.85,12050
2024-11-05,387,434,387,429.8,246283
2024-11-06,432,445,419.95,423.85,209583
2024-11-07,426,444.4,420.65,427.3,169642
2024-11-08,425,427.45,414.95,422.85,49851
2024-11-11,439.9,439.9,410.1,414,100691
2024-11-12,411,425,403.5,416.3,75934
2024-11-13,413,435.45,403.95,408.35,164334
2024-11-14,409.35,418,400.35,410.45,51406
2024-11-18,410,414.95,395.6,405.25,34630
2024-11-19,405,413.65,395.3,396.45,37388
2024-11-21,396.45,400.5,380,382.3,48364
2024-11-22,383,398.65,383,390.3,19846
2024-11-25,399,402,391,394.2,30346
2024-11-26,392.4,433.75,392.4,425.3,222233
2024-11-27,426.45,427.85,408.5,412.7,47941
2024-11-28,414.2,435.85,407.05,413.8,99697
2024-11-29,414,431.05,414,417.05,72736
2024-12-02,423.35,500.45,421,500.45,2507969
2024-12-03,501,512,476.5,487.8,1405682
2024-12-04,489.8,523,480.05,492.15,672764
2024-12-05,493.4,497.95,472.95,475.4,239718
2024-12-06,495,518,482,484.2,842827
2024-12-09,490,507.3,487.3,496.45,225277
2024-12-10,498.45,520,491,514.8,279277
2024-12-11,518,522.9,496.5,502,196702
2024-12-12,502.4,503.6,484,486.85,124016
2024-12-13,487.4,495.8,476.55,481.85,103827
2024-12-16,481.7,487.35,465.25,470.1,109339
2024-12-17,472.7,478.75,461,465.15,75093
2024-12-18,467.9,471.85,456,459.05,78268
2024-12-19,457.8,474,453.3,463.55,140312
2024-12-20,467.6,468.55,422.15,434.7,138178
2024-12-23,440,446.2,427.45,430.15,65785
2024-12-24,431.65,441.2,430.05,435.15,40657
2024-12-26,435.9,439.85,421.2,425.05,67553
2024-12-27,425.05,428.75,419.2,421.65,48080
2024-12-30,422.8,423.3,412.5,414.85,58593
2024-12-31,413.65,430,410.2,423.1,62557
2025-01-01,426.5,438.65,425,432.65,52411
2025-01-02,436.3,436.3,422.2,424.25,36826
2025-01-03,427,441.75,426,427.75,65597
2025-01-06,430,434,398,404.25,75447
2025-01-07,404.5,421.05,404.5,417.95,38901
2025-01-08,418.25,420.35,407.2,412.1,43719
2025-01-09,411.45,416,402,405.4,32182
2025-01-10,405.55,408,385.15,395.35,83310
2025-01-13,393.95,393.95,360.85,367.35,142086
2025-01-14,374.35,379.3,364.55,375.5,53246
2025-01-15,375.55,382.75,372.85,376.75,38907
2025-01-16,390.5,390.5,374.8,376.5,40012
2025-01-17,375,376.25,365.35,370.5,28279
2025-01-20,370.5,386.95,360,384.4,62184
2025-01-21,394.9,394.9,379.15,383.95,40788
2025-01-22,380.95,383.85,365.15,382.1,42391
2025-01-23,381.7,419.4,379,400.7,174371
2025-01-24,402,409.3,395.6,400.7,35420
2025-01-27,400.5,400.5,361.1,366.4,88626
2025-01-28,368,371.1,337.65,344.95,101746
2025-01-29,344.95,360.4,343.55,347.85,99835
2025-01-30,350,364.95,342.9,353.1,75383
2025-01-31,356.5,367.95,352,364.1,44229
2025-02-01,368.5,370,353.5,364.3,23331
2025-02-03,360.5,362,346,347.1,63282
2025-02-04,350.5,367.65,350.5,364.75,35098
2025-02-05,364.1,399.9,364.05,382.65,200700
2025-02-06,390,390,369.95,373.4,46789
2025-02-07,377.6,377.6,358.2,364.05,32665
2025-02-10,366.2,370.4,349.3,351.25,24961
2025-02-11,356.5,357.45,321.3,326.3,52933
2025-02-12,330.4,333.95,315.5,328.7,38377
2025-02-13,328,341,324.1,338.8,21774
2025-02-14,337.4,337.4,306,312.25,56709
2025-02-17,308.25,312.55,295.95,303.15,38086
2025-02-18,306.5,307.6,281.15,287.45,64249
2025-02-19,286.35,312.05,283.5,310.25,79957
2025-02-20,307.25,319,304.85,312.9,66401
2025-02-21,312,337,312,315.75,127300
2025-02-24,316.8,321.5,298.35,313.15,46313
2025-02-25,316,317.45,302.05,304.1,28266
2025-02-27,304.15,323.4,301.75,304.25,46229
2025-02-28,299.85,299.85,285.75,290.3,51337
2025-03-03,290,295.45,270,274.6,93906
2025-03-04,274,315.5,271.9,301.7,122997
2025-03-05,304.5,315.45,297.55,310.5,85624
2025-03-06,308,319.8,300,315.25,92166
2025-03-07,318.85,343.9,312,337.95,95999
2025-03-10,334.65,341,314.95,318.1,62721
2025-03-11,315.5,322,307.1,312.85,44838
2025-03-12,312.85,318.5,303.7,313.2,43077
2025-03-13,314.45,315.5,303.3,304.7,27813
2025-03-17,305,307.9,288.05,289.7,61115
2025-03-18,292.05,302.4,292.05,297.9,43826
2025-03-19,298.5,308.3,298.5,306.5,36693
2025-03-20,308.45,318,307.2,309.9,43902
2025-03-21,309.8,314.95,309,310.25,37633
2025-03-24,311,319.85,310.3,310.85,156217
2025-03-25,312,346.85,303.1,340.5,381262
2025-03-26,344.5,358,332.95,339.5,361115
2025-03-27,338.65,354,328.65,351.1,102376
2025-03-28,351.9,353,329,330.9,75403
2025-04-01,330.4,344.95,328.2,330.95,49490
2025-04-02,333,349.95,332.5,343.4,55465
2025-04-03,336.5,373.95,332.5,352.15,145253
2025-04-04,351.7,365.85,335.2,347.6,100941
2025-04-07,338.4,345,320.5,342.95,117044
2025-04-08,345.55,371.65,342,360.8,126049
2025-04-09,360.4,379.85,351,371.05,147807
2025-04-11,376.5,381.55,364.2,370.85,89265
2025-04-15,373.35,392,372.65,387.65,87946
2025-04-16,387,395.25,374.35,384.85,100521
2025-04-17,383.95,390.5,378.8,386.2,90977
2025-04-21,386.5,407.3,384.6,397,73906
2025-04-22,398,425,395.8,406.4,142884
2025-04-23,408.55,421,405.5,407.75,79502
2025-04-24,408.25,429.9,408.15,420.1,106497
2025-04-25,421.7,426.5,395.6,399.65,75276
2025-04-28,398.85,404.7,391.05,392.15,52295
2025-04-29,393.6,402.1,392.4,395,35793
2025-04-30,395.5,397,369.1,377.15,59078
2025-05-02,373.7,384.8,373.7,376.55,37421
2025-05-05,379,390,378.5,383.35,24612
2025-05-06,383.55,389,367,368.2,36971
2025-05-07,366.5,376.35,364.5,370,44693
2025-05-08,370.5,377.7,358.2,361.05,44932
2025-05-09,359.95,359.95,347.55,354.4,65289
2025-05-12,362.5,387.7,362.5,381,82057
2025-05-13,375.3,388.95,375.3,382.65,34624
2025-05-14,383.4,393.15,381.65,388.5,46255
2025-05-15,388.5,396.95,383.2,385.8,50849
2025-05-16,387.7,391.2,371.5,378.95,64293
2025-05-19,377.7,389.2,369.85,380.5,84511
2025-05-20,381,392.95,370.7,373.15,93734
2025-05-21,374.25,380.05,361.1,366.9,73836
2025-05-22,395.5,440.25,380.55,440.25,1822251
2025-05-23,454,461,428.05,442.75,1857552
2025-05-26,434.15,441.75,421.2,425.5,187938
2025-05-27,425,449.3,422.35,434.15,224366
2025-05-28,435.95,438.6,426.5,430.8,76830
2025-05-29,431.25,436.45,425.5,428.75,50805
2025-05-30,429.7,448.7,425.5,430.05,114309
2025-06-02,428,454.4,424.45,443.1,196493
2025-06-03,443.5,449.7,432.6,434.45,62545
2025-06-04,436.5,475.5,433.55,465.95,347650
2025-06-05,469.15,482.55,456.1,468.05,288030
2025-06-06,465.2,471.95,450.55,461.15,145416
2025-06-09,461,467.9,454.1,456.8,76884
2025-06-10,458.8,478,456,458.15,120541
2025-06-11,460.4,467,450.05,454.95,86039
2025-06-12,456.15,459.8,441.55,444.55,60599
2025-06-13,435,438.45,420.2,425.15,107336
2025-06-16,422.35,428.15,410,421.65,76601
2025-06-17,422.95,423.5,400.6,400.6,21757
2025-06-18,393,403.5,380.6,393.1,43402
2025-06-19,393.1,399.9,376.5,381.95,17064
2025-06-20,377.1,397,372,384.35,18405
2025-06-23,380.5,384.95,372.55,381.9,12489
2025-06-24,385.2,400.95,385.2,400.95,17670
2025-06-25,402.95,420.95,400.5,419.85,36114
2025-06-26,421.5,427,406,407.5,16578
2025-06-27,408.5,421,402.25,412.65,18885
2025-06-30,412.5,422.45,407.1,408.25,14029
2025-07-01,410.5,411.95,396,398.9,20160
2025-07-02,398.65,403.5,392.5,396.95,13460
2025-07-03,396.95,411.45,396.5,402.55,22781
2025-07-04,402.55,406,398.5,400.7,12275
2025-07-07,400,403,394.5,395.9,13735
2025-07-08,398.5,399.35,380.3,383.8,27915
2025-07-09,386.5,393.9,380.45,382.95,25694
2025-07-10,380.1,396,375,393.45,21702
2025-07-11,393.55,402,380.5,386.8,17537
2025-07-14,386.5,393.5,380.15,386.2,20812
2025-07-15,386.5,395,386.5,391.6,14597
2025-07-16,393.5,405,390.6,401.15,22312
2025-07-17,403.5,406.5,391,397.05,12281
2025-07-18,399.9,403.4,392.5,395.85,18698
2025-07-21,397.95,400.5,386,387.8,17067
2025-07-22,393.4,393.5,388.1,390.35,16414
2025-07-23,395,406.5,387.8,404.05,27865
2025-07-24,400.5,407,395.05,402.6,12017
2025-07-25,402.6,403.9,393,395.7,9161
2025-07-28,398.5,398.5,379,381.3,20945
2025-07-29,376.5,387.9,372.25,382.7,6820
2025-07-30,383.5,387.7,379,381.35,17441
2025-07-31,372.1,387,372.1,384.55,7374
2025-08-01,383.5,385.5,373.5,381.8,14244
2025-08-04,380.5,399.8,375.1,392.3,19725
2025-08-05,393.5,397.9,386.55,389.65,8986
2025-08-06,389,396,378.5,379.75,11176
2025-08-07,380.5,383.5,377.5,380.4,5743
2025-08-08,380.1,399.4,378.5,387.45,28005
2025-08-11,389,406.5,377.1,383,19099
2025-08-12,383.5,402.15,383.5,402.15,49765
2025-08-13,410.5,419.4,405.5,415.3,57655
2025-08-14,413.9,418.45,402.1,405.85,12587
2025-08-18,408.5,426.1,402.1,426.1,64580
2025-08-19,447.4,447.4,425,442.45,79557
2025-08-20,436.5,441.95,424,429.8,29279
2025-08-21,426.5,430,421.05,425.2,28038
2025-08-22,419.05,446,419.05,434.6,47896
2025-08-25,438,438,427.5,430,19041
2025-08-26,411.1,450,411.1,430,40823
2025-08-28,430.05,436.5,425.5,430,26518
2025-08-29,430.5,433.5,412.5,420.35,16975
2025-09-01,420,434.9,418.45,428.05,17283
2025-09-02,416.1,435,416.1,429.65,20820
2025-09-03,430.5,438,426,430.3,20173
